Acquisition date and time: 00-00-   0 (00:00:00)
Live Time:,        0
Real Time:,        0
 
Photopeaks:,     2
  20,      3.691,       7730,        111,       2.32
  38,     14.142,     426286,        620,       6.10
Incoherent scattering peaks:,     5
  20,      3.665,        560,         96,       1.89
  38,      1.865,       1499,        397,       1.49
  38,      1.801,       3757,        388,       2.08
  38,     13.761,       3048,        148,       1.86
  38,     15.383,       2673,        120,       2.38
