Acquisition date and time: 00-00-   0 (00:00:00)
Live Time:,        0
Real Time:,        0
 
Photopeaks:,     5
  14,      1.740,        162,         30,       1.67
  15,      2.013,       1052,         45,       1.74
  20,      3.691,      16235,        158,       1.66
  22,      4.509,     539094,        743,      13.65
  24,      5.412,        338,         52,       0.96
Incoherent scattering peaks:,     4
  20,      3.665,       1436,        139,       1.74
  20,      3.982,       3962,        140,       2.00
  22,      4.470,      14091,        358,      13.78
  22,      4.885,       2374,        202,      13.87
