Acquisition date and time: 00-00-   0 (00:00:00)
Live Time:,        0
Real Time:,        0
 
Photopeaks:,     5
  14,      1.740,        228,         32,       0.53
  15,      2.013,        578,         40,       0.90
  20,      3.691,       9520,        132,       1.51
  22,      4.509,     526737,        735,      11.93
  24,      5.412,        232,         52,       2.20
Incoherent scattering peaks:,     4
  20,      3.665,       1536,        135,       1.49
  20,      3.982,       3811,        131,       3.02
  22,      4.470,      13352,        350,      11.02
  22,      4.885,       2408,        211,      10.32
