Acquisition date and time: 00-00-   0 (00:00:00)
Live Time:,        0
Real Time:,        0
 
Photopeaks:,     6
  15,      2.013,       1098,         62,       2.38
  20,      3.691,      16782,        153,       3.70
  22,      4.509,        410,         52,       2.34
  45,      2.696,       1596,        126,       5.13
  47,      2.984,     126480,        372,      35.81
  57,      4.651,        206,         80,       2.04
Incoherent scattering peaks:,     1
  47,      2.967,      11170,        666,      32.26
