Acquisition date and time: 00-00-   0 (00:00:00)
Live Time:,        0
Real Time:,        0
 
Photopeaks:,     5
  26,      6.399,        896,         88,       1.18
  29,      8.041,        728,        210,       2.32
  30,      8.631,       1858,        275,       5.36
  70,      7.411,     236248,        524,       6.10
  73,      8.140,       4418,        172,       2.10
Incoherent scattering peaks:,     2
  70,      8.266,       5033,        589,       3.14
  70,      7.305,       4182,        258,       4.33
