Acquisition date and time: 00-00-   0 (00:00:00)
Live Time:,        0
Real Time:,        0
 
Photopeaks:,     5
  28,      7.472,        165,         96,       0.85
  29,      8.041,        377,        101,       1.45
  30,      8.631,        106,        102,       1.69
  32,      9.875,     514793,        703,       7.09
  33,     10.532,       8244,        163,       1.72
Incoherent scattering peaks:,     3
  32,      1.185,        540,        110,       1.45
  32,      9.688,      -3250,        191,       4.37
  32,     10.750,        467,        256,       2.77
