Acquisition date and time: 00-00-   0 (00:00:00)
Live Time:,        0
Real Time:,        0
 
Photopeaks:,     4
  15,      2.013,        957,         86,       6.01
  20,      3.691,       6149,        100,       1.79
  42,      2.293,      29738,        299,       1.97
  42,     17.443,     371366,        625,       3.76
Incoherent scattering peaks:,     4
  15,      2.005,       1332,        116,       5.68
  20,      3.665,        293,         90,       1.93
  42,      2.384,       5049,        383,       2.35
  42,     16.867,       2300,        124,       1.25
