Acquisition date and time: 00-00-   0 (00:00:00)
Live Time:,        0
Real Time:,        0
 
Photopeaks:,     4
  28,      7.472,        201,         94,       1.24
  29,      8.041,        509,         99,       0.97
  30,      8.631,        631,        102,       1.29
  32,      9.875,     524071,        702,       6.96
Incoherent scattering peaks:,     3
  32,      1.185,        889,        112,       1.37
  32,      9.688,      -3431,        187,       4.33
  32,     10.750,       -116,        150,       2.52
