Acquisition date and time: 00-00-   0 (00:00:00)
Live Time:,        0
Real Time:,        0
 
Photopeaks:,     4
  15,      2.013,       1021,         78,       5.18
  20,      3.691,      10893,        126,       1.40
  42,      2.293,      21244,        243,       2.01
  42,     17.443,     378449,        630,       4.22
Incoherent scattering peaks:,     4
  15,      2.005,        890,        106,       5.18
  20,      3.665,        607,        104,       1.27
  42,      2.384,       4282,        336,       2.19
  42,     16.867,       2435,        123,       2.10
