Acquisition date and time: 00-00-   0 (00:00:00)
Live Time:,        0
Real Time:,        0
 
Photopeaks:,     7
  20,      3.691,      11984,        109,       2.40
  22,      4.509,        394,         43,       1.61
  24,      5.412,        298,         50,       0.72
  26,      6.399,        878,         62,       2.33
  29,      8.041,       1438,        113,       2.97
  30,      8.631,       1423,        117,       1.10
  39,     14.932,     366868,        576,       5.60
Incoherent scattering peaks:,     3
  39,     14.508,       2213,        136,       2.59
  39,     16.235,       1997,        112,       1.15
  39,      1.916,       7150,        250,       4.33
