Acquisition date and time: 00-00-   0 (00:00:00)
Live Time:,        0
Real Time:,        0
 
Photopeaks:,     2
  20,      3.691,       7461,        108,       1.18
  38,     14.142,     420208,        617,       5.98
Incoherent scattering peaks:,     5
  20,      3.665,        656,         94,       1.14
  38,      1.865,       1421,        397,       3.09
  38,      1.801,       3704,        366,       3.20
  38,     13.761,       2671,        148,       1.81
  38,     15.383,       2592,        122,       1.72
