Acquisition date and time: 00-00-   0 (00:00:00)
Live Time:,        0
Real Time:,        0
 
Photopeaks:,     4
  16,      2.307,        215,         29,       1.78
  17,      2.622,        241,         28,       1.18
  20,      3.691,        395,         31,       1.81
  38,     14.142,     405825,        606,       5.38
Incoherent scattering peaks:,     4
  38,      1.865,       -167,        341,       2.36
  38,      1.801,       3658,        351,       1.97
  38,     13.761,       2948,        146,       1.85
  38,     15.383,       2734,        120,       2.08
