Acquisition date and time: 00-00-   0 (00:00:00)
Live Time:,        0
Real Time:,        0
 
Photopeaks:,     4
  15,      2.013,        670,         47,       2.72
  20,      3.691,      12808,        128,       1.77
  53,      3.937,      74658,        278,       4.90
  37,     13.375,     282940,        517,       3.66
Incoherent scattering peaks:,     3
  37,      1.688,        520,        147,       1.20
  37,     13.034,       2050,        151,       1.77
  37,     14.555,       2095,        124,       1.57
