Acquisition date and time: 00-00-   0 (00:00:00)
Live Time:,        0
Real Time:,        0
 
Photopeaks:,     7
  20,      3.691,       7304,         88,       1.93
  26,      6.399,        856,         62,       2.72
  28,      7.472,        722,        106,       1.96
  29,      8.041,       1415,        113,       2.49
  30,      8.631,       1434,        118,       1.26
  39,     14.932,     391820,        595,       4.44
  57,      4.651,        271,         61,       2.85
Incoherent scattering peaks:,     3
  39,     14.508,       2752,        140,       1.63
  39,     16.235,       2364,        114,       1.41
  39,      1.916,       6890,        264,       4.44
