Acquisition date and time: 00-00-   0 (00:00:00)
Live Time:,        0
Real Time:,        0
 
Photopeaks:,     8
  20,      3.691,         77,         22,       1.55
  22,      4.509,        330,         40,       1.81
  23,      4.950,         43,         41,       0.78
  24,      5.412,        384,         53,       1.13
  26,      6.399,     549726,        725,      12.71
  28,      7.472,       1149,        103,       3.01
  29,      8.041,        336,         95,       1.06
  30,      8.631,        352,         93,       1.14
Incoherent scattering peaks:,     2
  26,      6.320,       6791,        247,      11.02
  26,      6.963,       4434,        187,       6.08
