Acquisition date and time: 00-00-   0 (00:00:00)
Live Time:,        0
Real Time:,        0
 
Photopeaks:,     5
  15,      2.013,       1308,         69,       2.38
  16,      2.307,        567,         77,       2.87
  17,      2.622,     114047,        406,       8.13
  19,      3.313,     244450,        541,       7.79
  20,      3.691,      22835,        225,       3.40
Incoherent scattering peaks:,     3
  17,      2.609,       8378,        341,       7.55
  19,      3.292,       9514,        331,       7.85
  20,      3.665,       1038,        256,       2.88
