Acquisition date and time: 00-00-   0 (00:00:00)
Live Time:,        0
Real Time:,        0
 
Photopeaks:,     5
  15,      2.013,       1319,         68,       1.94
  16,      2.307,        600,         75,       2.18
  17,      2.622,     108484,        394,       5.22
  19,      3.313,     233136,        527,      10.98
  20,      3.691,      22397,        221,       4.11
Incoherent scattering peaks:,     3
  17,      2.609,       7640,        328,       5.27
  19,      3.292,       8931,        320,      10.86
  20,      3.665,        363,        249,       3.71
