Acquisition date and time: 00-00-   0 (00:00:00)
Live Time:,        0
Real Time:,        0
 
Photopeaks:,     5
  24,      5.412,        121,         31,       1.25
  26,      6.399,       2137,         76,       1.13
  27,      6.925,       1171,         65,       1.83
  28,      7.472,     584646,        745,       6.91
  30,      8.631,         27,         63,       3.77
Incoherent scattering peaks:,     3
  26,      6.320,        664,         88,       0.98
  28,      7.365,       6334,        237,       5.49
  28,      8.133,       4858,        159,       4.47
