Acquisition date and time: 00-00-   0 (00:00:00)
Live Time:,        0
Real Time:,        0
 
Photopeaks:,     5
  11,      1.041,       1937,         86,       1.63
  15,      2.013,       2139,         65,       2.67
  16,      2.307,       2328,         81,      14.77
  17,      2.622,     167330,        517,      10.05
  20,      3.691,      24364,        182,       2.27
Incoherent scattering peaks:,     3
  11,      1.039,        877,        116,       1.63
  17,      2.609,      16760,        434,      10.02
  20,      3.665,       2093,        144,       2.67
