Acquisition date and time: 00-00-   0 (00:00:00)
Live Time:,        0
Real Time:,        0
 
Photopeaks:,     5
  11,      1.041,       1991,         86,       1.42
  14,      1.740,        620,         49,       0.85
  15,      2.013,        435,         46,       5.64
  16,      2.307,       3562,         89,      14.29
  17,      2.622,     189884,        542,       7.62
Incoherent scattering peaks:,     2
  11,      1.039,        938,        117,       1.42
  17,      2.609,      18374,        445,       7.88
