Acquisition date and time: 00-00-   0 (00:00:00)
Live Time:,        0
Real Time:,        0
 
Photopeaks:,     6
  14,      1.740,        309,         36,       1.61
  15,      2.013,       1167,         49,       1.65
  19,      3.313,        644,         57,       1.17
  20,      3.691,      15588,        176,       1.45
  21,      4.089,     323540,        617,       8.64
  45,      2.696,        108,         36,       0.87
Incoherent scattering peaks:,     3
  20,      3.665,       4986,        199,       1.51
  21,      4.057,       9012,        408,       7.90
  21,      4.422,       3341,        218,       4.07
