Acquisition date and time: 00-00-   0 (00:00:00)
Live Time:,        0
Real Time:,        0
 
Photopeaks:,     5
  14,      1.740,        117,         27,       0.99
  15,      2.013,        873,         41,       0.93
  20,      3.691,      13295,        142,       1.99
  22,      4.509,     437539,        667,       9.98
  24,      5.412,        283,         47,       1.60
Incoherent scattering peaks:,     4
  20,      3.665,       1265,        126,       2.08
  20,      3.982,       2948,        124,       1.24
  22,      4.470,      11069,        313,       9.66
  22,      4.885,       1887,        188,       8.22
