Acquisition date and time: 00-00-   0 (00:00:00)
Live Time:,        0
Real Time:,        0
 
Photopeaks:,     5
  14,      1.740,        203,         28,       1.62
  15,      2.013,        588,         37,       1.34
  20,      3.691,       7800,        117,       1.42
  22,      4.509,     435653,        666,      11.40
  24,      5.412,        288,         48,       1.36
Incoherent scattering peaks:,     4
  20,      3.665,       1186,        116,       1.68
  20,      3.982,       3097,        116,       1.78
  22,      4.470,      11767,        314,      11.19
  22,      4.885,       2232,        187,       7.62
