Acquisition date and time: 00-00-   0 (00:00:00)
Live Time:,        0
Real Time:,        0
 
Photopeaks:,     6
  26,      6.399,        748,         69,       2.18
  28,      7.472,        578,        126,       1.89
  29,      8.041,        511,        132,       0.75
  30,      8.631,     273950,        537,       4.64
  33,     10.532,       3819,        142,       1.06
  80,      9.980,        494,        130,       2.41
Incoherent scattering peaks:,     2
  30,      8.488,       1665,        230,       3.12
  30,      9.396,       2632,        167,       1.17
