Acquisition date and time: 00-00-   0 (00:00:00)
Live Time:,        0
Real Time:,        0
 
Photopeaks:,     6
  26,      6.399,        814,         52,       1.81
  28,      7.472,        538,         85,       0.75
  29,      8.041,        236,         93,       1.10
  30,      8.631,     615004,        761,       7.54
  33,     10.532,       1139,         79,       1.27
  80,      9.980,        -10,         75,       1.77
Incoherent scattering peaks:,     2
  30,      8.488,       5297,        221,       4.90
  30,      9.396,       4864,        155,       3.18
