Acquisition date and time: 00-00-   0 (00:00:00)
Live Time:,        0
Real Time:,        0
 
Photopeaks:,     6
  14,      1.740,        131,         47,       1.01
  15,      2.013,        978,         59,       1.04
  17,      2.622,       1207,        113,       4.02
  20,      3.691,      16548,        155,       2.88
  45,      2.696,        891,        140,       2.07
  47,      2.984,     117363,        616,       7.64
Incoherent scattering peaks:,     2
  47,      3.132,       4117,       1318,       5.54
  47,      2.967,       6917,        679,       7.43
