Acquisition date and time: 00-00-   0 (00:00:00)
Live Time:,        0
Real Time:,        0
 
Photopeaks:,     9
  14,      1.740,        131,         35,       0.55
  15,      2.013,        999,         49,       1.39
  20,      3.691,      18001,        145,       2.25
  26,      6.399,        704,         82,       1.09
  28,      7.472,        707,        140,       2.14
  29,      8.041,       1916,        148,       2.11
  30,      8.631,       1202,        149,       1.21
  45,      2.696,         -0,         42,       3.28
  56,      4.464,     207482,        505,       5.06
Incoherent scattering peaks:,     2
  56,      4.783,       3184,        519,       4.26
  56,      4.426,       6642,        320,       5.08
