Acquisition date and time: 00-00-   0 (00:00:00)
Live Time:,        0
Real Time:,        0
 
Photopeaks:,     9
  14,      1.740,        210,         37,       1.93
  15,      2.013,       1147,         51,       1.42
  20,      3.691,      19925,        153,       2.39
  26,      6.399,        728,         86,       1.01
  28,      7.472,        969,        145,       2.92
  29,      8.041,       2013,        154,       1.82
  30,      8.631,       1274,        159,       0.89
  45,      2.696,          6,         44,       2.63
  56,      4.464,     211218,        512,       6.34
Incoherent scattering peaks:,     2
  56,      4.783,       2634,        529,       3.52
  56,      4.426,       6100,        324,       6.37
