Acquisition date and time: 00-00-   0 (00:00:00)
Live Time:,        0
Real Time:,        0
 
Photopeaks:,     4
  14,      1.740,        400,         37,       0.99
  16,      2.307,        278,         31,       1.15
  20,      3.691,        101,         42,       1.77
  55,      4.285,      72026,        307,       3.08
Incoherent scattering peaks:,     3
  35,      1.476,        138,        294,       1.64
  55,      4.579,        -52,        364,       2.19
  55,      4.250,       2415,        195,       2.98
