Acquisition date and time: 00-00-   0 (00:00:00)
Live Time:,        0
Real Time:,        0
 
Photopeaks:,     5
  20,      3.691,      13627,        117,       1.78
  22,      4.509,        410,         48,       3.51
  29,      8.041,        685,        144,       2.09
  30,      8.631,       1312,        182,       2.02
  66,      6.491,     238794,        521,       8.40
Incoherent scattering peaks:,     3
  66,      7.198,       8557,       2503,       4.75
  66,      7.147,      -2726,       1972,       4.53
  66,      6.410,       5374,        260,       8.18
