Acquisition date and time: 00-00-   0 (00:00:00)
Live Time:,        0
Real Time:,        0
 
Photopeaks:,     4
  14,      1.740,        472,         50,       2.56
  15,      2.013,       1374,         63,       2.74
  47,      2.984,        470,         77,       3.51
  51,      3.604,     182493,        661,       8.68
Incoherent scattering peaks:,     3
  47,      2.967,        371,        128,       2.88
  51,      3.815,      10974,       1303,       9.37
  51,      3.579,      10367,        404,       8.82
