Acquisition date and time: 00-00-   0 (00:00:00)
Live Time:,        0
Real Time:,        0
 
Photopeaks:,     4
  14,      1.740,        366,         47,       2.50
  15,      2.013,        853,         55,       1.94
  47,      2.984,        466,         73,       2.83
  51,      3.604,     166364,        622,       8.76
Incoherent scattering peaks:,     3
  47,      2.967,        220,        122,       2.49
  51,      3.815,       5506,       1223,       5.26
  51,      3.579,       9455,        383,       9.55
