Acquisition date and time: 00-00-   0 (00:00:00)
Live Time:,        0
Real Time:,        0
 
Photopeaks:,     6
  15,      2.013,        564,         67,       1.96
  16,      2.307,         46,         81,       2.74
  17,      2.622,        209,         58,       1.70
  19,      3.313,       2544,        113,       2.50
  45,      2.696,         99,         50,       0.97
  52,      3.768,     185112,        479,       8.23
Incoherent scattering peaks:,     2
  16,      2.297,        690,        121,       2.90
  52,      3.740,      15590,        423,       9.23
