Acquisition date and time: 00-00-   0 (00:00:00)
Live Time:,        0
Real Time:,        0
 
Photopeaks:,     5
  20,      3.691,      11696,        109,       2.13
  26,      6.399,        853,         85,       1.13
  57,      4.651,        306,         70,       2.85
  70,      7.411,     228025,        505,       4.32
  73,      8.140,       4434,        168,       2.14
Incoherent scattering peaks:,     2
  70,      8.266,       6126,        362,       3.56
  70,      7.305,       4406,        255,       4.00
