Acquisition date and time: 00-00-   0 (00:00:00)
Live Time:,        0
Real Time:,        0
 
Photopeaks:,     6
  28,      7.472,        188,         94,       2.06
  29,      8.041,        461,        100,       1.24
  30,      8.631,         96,         99,       2.11
  32,      9.875,     498712,        689,       6.11
  33,     10.532,       5141,        153,       1.50
  35,     11.908,        581,         97,       1.00
Incoherent scattering peaks:,     3
  32,      1.185,       1121,        117,       1.51
  32,      9.688,      -3536,        173,       3.01
  32,     10.750,        524,        250,       2.09
