Acquisition date and time: 00-00-   0 (00:00:00)
Live Time:,        0
Real Time:,        0
 
Photopeaks:,     4
  15,      2.013,        935,         84,       6.05
  20,      3.691,       5760,         98,       0.94
  42,      2.293,      28186,        285,       1.52
  42,     17.443,     356207,        612,       4.57
Incoherent scattering peaks:,     4
  15,      2.005,       1275,        113,       5.38
  20,      3.665,        374,         90,       1.03
  42,      2.384,       5088,        371,       1.99
  42,     16.867,       2395,        122,       1.67
