Acquisition date and time: 00-00-   0 (00:00:00)
Live Time:,        0
Real Time:,        0
 
Photopeaks:,     7
  20,      3.691,      11452,        107,       1.35
  26,      6.399,        974,         62,       3.47
  28,      7.472,        706,        104,       1.75
  29,      8.041,       1382,        110,       2.01
  30,      8.631,       1376,        115,       1.54
  39,     14.932,     356946,        568,       4.20
  57,      4.651,        347,         61,       2.31
Incoherent scattering peaks:,     3
  39,     14.508,       2249,        131,       1.66
  39,     16.235,       2213,        112,       1.80
  39,      1.916,       7972,        248,       1.80
