Acquisition date and time: 00-00-   0 (00:00:00)
Live Time:,        0
Real Time:,        0
 
Photopeaks:,     5
  20,      3.691,       7736,        102,       1.74
  28,      7.472,        104,         97,       0.95
  29,      8.041,        374,        103,       1.45
  30,      8.631,        559,        105,       0.93
  32,      9.875,     547246,        716,       7.04
Incoherent scattering peaks:,     4
  32,      1.185,        991,        122,       1.91
  20,      3.665,        245,         76,       1.86
  32,      9.688,      -3355,        183,       3.38
  32,     10.750,       -323,        145,       2.53
