Acquisition date and time: 00-00-   0 (00:00:00)
Live Time:,        0
Real Time:,        0
 
Photopeaks:,     4
  15,      2.013,        931,         76,       6.70
  20,      3.691,      10661,        123,       2.50
  42,      2.293,      20070,        230,       1.33
  42,     17.443,     369366,        623,       5.34
Incoherent scattering peaks:,     4
  15,      2.005,       1012,        104,       5.78
  20,      3.665,        445,         99,       2.05
  42,      2.384,       4819,        329,       2.08
  42,     16.867,       2075,        121,       1.96
