Acquisition date and time: 00-00-   0 (00:00:00)
Live Time:,        0
Real Time:,        0
 
Photopeaks:,     7
  20,      3.691,       7054,         87,       1.22
  26,      6.399,       1027,         62,       2.40
  28,      7.472,        671,        103,       2.43
  29,      8.041,       1424,        111,       2.60
  30,      8.631,       1429,        116,       1.99
  39,     14.932,     374139,        580,       3.96
  57,      4.651,        220,         62,       1.78
Incoherent scattering peaks:,     3
  39,     14.508,       2282,        132,       1.78
  39,     16.235,       2191,        113,       1.60
  39,      1.916,       8172,        258,       3.00
