Acquisition date and time: 00-00-   0 (00:00:00)
Live Time:,        0
Real Time:,        0
 
Photopeaks:,     4
  15,      2.013,        593,         45,       1.50
  20,      3.691,      12030,        124,       2.07
  53,      3.937,      71322,        271,       3.95
  37,     13.375,     270820,        504,       3.37
Incoherent scattering peaks:,     3
  37,      1.688,        435,        152,       1.26
  37,     13.034,       2067,        140,       1.42
  37,     14.555,       2121,        118,       1.87
