Acquisition date and time: 00-00-   0 (00:00:00)
Live Time:,        0
Real Time:,        0
 
Photopeaks:,     2
  20,      3.691,       7080,        106,       1.69
  38,     14.142,     403472,        604,       5.77
Incoherent scattering peaks:,     5
  20,      3.665,        607,         92,       1.46
  38,      1.865,       2137,        368,       1.45
  38,      1.801,       3378,        363,       2.04
  38,     13.761,       2940,        142,       2.11
  38,     15.383,       2868,        120,       1.50
