Acquisition date and time: 00-00-   0 (00:00:00)
Live Time:,        0
Real Time:,        0
 
Photopeaks:,     4
  20,      3.691,       9190,        126,       2.19
  24,      5.412,     503624,        703,      12.56
  26,      6.399,        233,         56,       1.79
  57,      4.651,        498,         87,       1.94
Incoherent scattering peaks:,     3
  20,      3.665,        687,        102,       2.66
  24,      5.355,       6112,        288,      11.00
  24,      5.879,       2739,        182,       8.43
