Acquisition date and time: 00-00-   0 (00:00:00)
Live Time:,        0
Real Time:,        0
 
Photopeaks:,     5
  20,      3.691,       9240,         97,       3.78
  22,      4.509,        371,         42,       2.27
  24,      5.412,        338,         54,       0.99
  26,      6.399,     573124,        739,      18.28
  30,      8.631,        832,         99,       1.43
Incoherent scattering peaks:,     2
  26,      6.320,       7310,        244,      15.90
  26,      6.963,       5203,        187,       8.90
