Acquisition date and time: 00-00-   0 (00:00:00)
Live Time:,        0
Real Time:,        0
 
Photopeaks:,     5
  15,      2.013,       1737,         80,       2.24
  16,      2.307,        924,         89,       1.76
  17,      2.622,     152897,        474,       9.39
  19,      3.313,     330023,        631,      10.52
  20,      3.691,      31258,        264,       4.34
Incoherent scattering peaks:,     3
  17,      2.609,      11175,        399,       7.52
  19,      3.292,      12469,        390,      10.13
  20,      3.665,       -206,        300,       4.04
