Acquisition date and time: 00-00-   0 (00:00:00)
Live Time:,        0
Real Time:,        0
 
Photopeaks:,     5
  15,      2.013,       1724,         84,       4.66
  16,      2.307,        911,         93,       1.50
  17,      2.622,     161771,        494,      10.71
  19,      3.313,     347876,        653,      14.56
  20,      3.691,      34158,        276,       4.05
Incoherent scattering peaks:,     3
  17,      2.609,      12060,        434,      10.58
  19,      3.292,      13240,        412,      14.53
  20,      3.665,        507,        312,       3.52
