Acquisition date and time: 00-00-   0 (00:00:00)
Live Time:,        0
Real Time:,        0
 
Photopeaks:,     5
  11,      1.041,       2256,         94,       1.28
  15,      2.013,       2261,         70,       5.74
  16,      2.307,       2838,         88,      18.23
  17,      2.622,     200083,        575,       8.09
  20,      3.691,      29411,        202,       2.63
Incoherent scattering peaks:,     3
  11,      1.039,        967,        125,       1.28
  17,      2.609,      19257,        485,       6.73
  20,      3.665,       2274,        161,       2.55
