Acquisition date and time: 00-00-   0 (00:00:00)
Live Time:,        0
Real Time:,        0
 
Photopeaks:,     6
  14,      1.740,        320,         38,       1.19
  15,      2.013,       1224,         51,       1.15
  19,      3.313,        667,         58,       1.69
  20,      3.691,      16346,        184,       1.57
  21,      4.089,     340487,        640,       7.48
  45,      2.696,        115,         38,       1.09
Incoherent scattering peaks:,     3
  20,      3.665,       5398,        211,       1.69
  21,      4.057,       7783,        433,       7.01
  21,      4.422,       3134,        224,       2.73
