Acquisition date and time: 00-00-   0 (00:00:00)
Live Time:,        0
Real Time:,        0
 
Photopeaks:,     5
  14,      1.740,        161,         29,       1.57
  15,      2.013,        944,         43,       1.09
  20,      3.691,      14719,        151,       1.72
  22,      4.509,     488052,        707,      10.82
  24,      5.412,        292,         50,       1.22
Incoherent scattering peaks:,     4
  20,      3.665,       1457,        134,       1.75
  20,      3.982,       3268,        131,       1.46
  22,      4.470,      12071,        334,      10.26
  22,      4.885,       2416,        201,       7.90
