Acquisition date and time: 00-00-   0 (00:00:00)
Live Time:,        0
Real Time:,        0
 
Photopeaks:,     5
  14,      1.740,        204,         30,       0.94
  15,      2.013,        611,         39,       0.60
  20,      3.691,       8766,        125,       1.45
  22,      4.509,     487276,        708,      11.25
  24,      5.412,        167,         50,       2.02
Incoherent scattering peaks:,     4
  20,      3.665,       1099,        126,       1.33
  20,      3.982,       3259,        123,       0.96
  22,      4.470,      13036,        341,      10.59
  22,      4.885,       1835,        201,       7.19
