Acquisition date and time: 00-00-   0 (00:00:00)
Live Time:,        0
Real Time:,        0
 
Photopeaks:,     6
  26,      6.399,        679,         67,       1.97
  28,      7.472,        489,        123,       1.45
  29,      8.041,        552,        130,       0.94
  30,      8.631,     262030,        523,       3.35
  33,     10.532,       4475,        139,       1.08
  80,      9.980,        359,        123,       2.14
Incoherent scattering peaks:,     2
  30,      8.488,       1589,        215,       2.48
  30,      9.396,       2566,        158,       1.81
