Acquisition date and time: 00-00-   0 (00:00:00)
Live Time:,        0
Real Time:,        0
 
Photopeaks:,     6
  14,      1.740,        130,         47,       1.55
  15,      2.013,       1055,         59,       1.80
  17,      2.622,       1309,        115,       5.48
  20,      3.691,      17151,        158,       3.64
  45,      2.696,       1316,        144,       2.47
  47,      2.984,     119700,        627,       4.79
Incoherent scattering peaks:,     2
  47,      3.132,       5901,       1327,       3.92
  47,      2.967,       6002,        685,       5.04
