Acquisition date and time: 00-00-   0 (00:00:00)
Live Time:,        0
Real Time:,        0
 
Photopeaks:,     9
  14,      1.740,        269,         36,       2.47
  15,      2.013,       1212,         50,       1.98
  20,      3.691,      19117,        150,       1.69
  26,      6.399,        690,         84,       1.69
  28,      7.472,        879,        143,       2.19
  29,      8.041,       1861,        152,       1.83
  30,      8.631,       1098,        155,       1.22
  45,      2.696,         63,         44,       2.38
  56,      4.464,     215398,        517,       5.41
Incoherent scattering peaks:,     2
  56,      4.783,       3067,        533,       3.85
  56,      4.426,       7452,        332,       5.34
