Acquisition date and time: 00-00-   0 (00:00:00)
Live Time:,        0
Real Time:,        0
 
Photopeaks:,     9
  14,      1.740,        235,         35,       1.07
  15,      2.013,       1156,         49,       1.58
  20,      3.691,      19413,        150,       2.73
  26,      6.399,        700,         84,       1.28
  28,      7.472,        854,        143,       3.19
  29,      8.041,       1760,        152,       1.57
  30,      8.631,       1142,        159,       1.11
  45,      2.696,         90,         42,       3.17
  56,      4.464,     205959,        506,       3.39
Incoherent scattering peaks:,     2
  56,      4.783,       2745,        532,       3.56
  56,      4.426,       6884,        321,       2.96
