Acquisition date and time: 00-00-   0 (00:00:00)
Live Time:,        0
Real Time:,        0
 
Photopeaks:,     5
  20,      3.691,      12658,        114,       2.12
  22,      4.509,        449,         48,       1.52
  29,      8.041,        697,        141,       1.56
  30,      8.631,       1449,        176,       2.32
  66,      6.491,     227495,        505,       5.56
Incoherent scattering peaks:,     3
  66,      7.198,       6266,       2442,       3.81
  66,      7.147,      -1335,       1934,       3.87
  66,      6.410,       4224,        244,       4.62
