Acquisition date and time: 00-00-   0 (00:00:00)
Live Time:,        0
Real Time:,        0
 
Photopeaks:,     5
  14,      1.740,        387,         46,       2.90
  15,      2.013,       1311,         60,       2.51
  22,      4.509,       1054,        105,       2.52
  47,      2.984,        535,         75,       4.79
  51,      3.604,     170564,        667,       6.76
Incoherent scattering peaks:,     3
  47,      2.967,        380,        123,       3.88
  51,      3.815,      18668,       1375,       6.74
  51,      3.579,      10066,        391,       7.81
