Acquisition date and time: 00-00-   0 (00:00:00)
Live Time:,        0
Real Time:,        0
 
Photopeaks:,     4
  14,      1.740,        400,         47,       2.88
  15,      2.013,        851,         55,       1.87
  47,      2.984,        399,         75,       5.08
  51,      3.604,     162533,        615,       7.88
Incoherent scattering peaks:,     3
  47,      2.967,        578,        126,       3.67
  51,      3.815,       5739,       1202,       4.86
  51,      3.579,      10418,        392,       8.04
