Acquisition date and time: 00-00-   0 (00:00:00)
Live Time:,        0
Real Time:,        0
 
Photopeaks:,     7
  15,      2.013,        630,         66,       1.97
  16,      2.307,         85,         80,       3.17
  17,      2.622,        174,         56,       1.49
  19,      3.313,       2426,        113,       2.39
  20,      3.691,       7615,        526,       2.69
  45,      2.696,        -18,         49,       1.17
  52,      3.768,     173729,        561,       4.38
Incoherent scattering peaks:,     2
  16,      2.297,        562,        117,       3.31
  52,      3.740,      12103,        477,       4.15
