Acquisition date and time: 00-00-   0 (00:00:00)
Live Time:,        0
Real Time:,        0
 
Photopeaks:,     7
  15,      2.013,       1000,         69,       3.60
  16,      2.307,       -192,         75,       0.79
  17,      2.622,        -66,         52,       0.59
  19,      3.313,       1193,        108,       2.27
  20,      3.691,      13848,        570,       2.59
  45,      2.696,         34,         47,       0.84
  52,      3.768,     180884,        595,       4.10
Incoherent scattering peaks:,     2
  16,      2.297,        371,        110,       0.75
  52,      3.740,      13471,        486,       3.75
