Acquisition date and time: 00-00-   0 (00:00:00)
Live Time:,        0
Real Time:,        0
 
Photopeaks:,     5
  20,      3.691,      11403,        107,       2.30
  26,      6.399,        700,         83,       1.59
  57,      4.651,        284,         69,       2.64
  70,      7.411,     220640,        494,       4.72
  73,      8.140,       4425,        165,       1.52
Incoherent scattering peaks:,     2
  70,      8.266,       5574,        339,       3.58
  70,      7.305,       3998,        241,       4.90
