Acquisition date and time: 00-00-   0 (00:00:00)
Live Time:,        0
Real Time:,        0
 
Photopeaks:,     4
  15,      2.013,       1420,         99,       4.42
  20,      3.691,      16007,        156,       1.71
  42,      2.293,      30240,        287,       1.63
  42,     17.443,     556757,        765,       4.63
Incoherent scattering peaks:,     4
  15,      2.005,       1639,        139,       4.20
  20,      3.665,        562,        131,       1.61
  42,      2.384,       6459,        386,       1.63
  42,     16.867,       3661,        155,       2.03
