Acquisition date and time: 00-00-   0 (00:00:00)
Live Time:,        0
Real Time:,        0
 
Photopeaks:,     4
  15,      2.013,        987,         56,       1.68
  20,      3.691,      17908,        151,       2.21
  53,      3.937,     104034,        329,       2.63
  37,     13.375,     413031,        624,       2.91
Incoherent scattering peaks:,     3
  37,      1.688,       1141,        191,       1.22
  37,     13.034,       3164,        183,       1.82
  37,     14.555,       2894,        152,       2.02
