Acquisition date and time: 00-00-   0 (00:00:00)
Live Time:,        0
Real Time:,        0
 
Photopeaks:,     4
  28,      7.472,        114,        110,       1.07
  29,      8.041,        460,        115,       0.84
  30,      8.631,        768,        118,       1.12
  32,      9.875,     746975,        836,       7.53
Incoherent scattering peaks:,     3
  32,      1.185,       2406,        168,       2.11
  32,      9.688,      -4916,        218,       3.91
  32,     10.750,          0,        177,       2.55
