Acquisition date and time: 00-00-   0 (00:00:00)
Live Time:,        0
Real Time:,        0
 
Photopeaks:,     5
  20,      3.691,      10674,        125,       1.53
  28,      7.472,        141,        115,       0.98
  29,      8.041,        487,        121,       1.36
  30,      8.631,        908,        124,       1.40
  32,      9.875,     765304,        849,       7.02
Incoherent scattering peaks:,     4
  32,      1.185,       1375,        146,       1.57
  20,      3.665,        450,        102,       1.60
  32,      9.688,      -5406,        233,       4.33
  32,     10.750,        221,        184,       3.12
