Acquisition date and time: 00-00-   0 (00:00:00)
Live Time:,        0
Real Time:,        0
 
Photopeaks:,     2
  20,      3.691,      15227,        124,       1.59
  39,     14.932,     456952,        644,       3.97
Incoherent scattering peaks:,     5
  39,      2.061,       3228,        575,       2.15
  39,      1.988,     -10613,       1417,       4.06
  39,      1.916,      17742,        670,       4.14
  39,     14.508,       3060,        158,       1.92
  39,     16.235,       2986,        133,       1.53
