Acquisition date and time: 00-00-   0 (00:00:00)
Live Time:,        0
Real Time:,        0
 
Photopeaks:,     7
  20,      3.691,      17384,        132,       1.51
  26,      6.399,       1418,         75,       2.88
  28,      7.472,        928,        126,       2.89
  29,      8.041,       2097,        135,       1.61
  30,      8.631,       2220,        141,       1.73
  39,     14.932,     541623,        700,       4.91
  57,      4.651,        425,         76,       4.94
Incoherent scattering peaks:,     3
  39,     14.508,       3781,        171,       2.07
  39,     16.235,       3231,        140,       1.83
  39,      1.916,      11368,        327,       1.63
