Acquisition date and time: 00-00-   0 (00:00:00)
Live Time:,        0
Real Time:,        0
 
Photopeaks:,     4
  15,      2.013,       1520,        105,      10.06
  20,      3.691,      12753,        139,       1.04
  42,      2.293,      38857,        324,       2.47
  42,     17.443,     517277,        737,       3.86
Incoherent scattering peaks:,     4
  15,      2.005,       2094,        143,       8.35
  20,      3.665,        484,        118,       1.06
  42,      2.384,       9671,        458,       2.21
  42,     16.867,       3395,        146,       1.67
