Acquisition date and time: 00-00-   0 (00:00:00)
Live Time:,        0
Real Time:,        0
 
Photopeaks:,     4
  15,      2.013,       1336,        108,       7.78
  20,      3.691,       8706,        124,       1.62
  42,      2.293,      42235,        351,       1.96
  42,     17.443,     545349,        758,       4.92
Incoherent scattering peaks:,     4
  15,      2.005,       2466,        152,       7.44
  20,      3.665,        740,        117,       1.65
  42,      2.384,       7669,        436,       1.99
  42,     16.867,       3715,        156,       1.63
