Acquisition date and time: 00-00-   0 (00:00:00)
Live Time:,        0
Real Time:,        0
 
Photopeaks:,     4
  14,      1.740,         84,         24,       1.93
  15,      2.013,        518,         33,       1.53
  20,      3.691,       9850,        115,       1.48
  34,     11.208,     728253,        875,       6.07
Incoherent scattering peaks:,     4
  20,      3.665,        228,         85,       1.55
  34,      1.375,       2586,        200,       3.68
  34,     10.967,      -5680,        195,       3.80
  34,     12.204,      -1300,        163,       1.52
