Acquisition date and time: 00-00-   0 (00:00:00)
Live Time:,        0
Real Time:,        0
 
Photopeaks:,     2
  20,      3.691,      13489,        142,       1.30
  38,     14.142,     573030,        718,       6.39
Incoherent scattering peaks:,     5
  20,      3.665,        749,        117,       1.01
  38,      1.865,       3629,        412,       0.82
  38,      1.801,       5855,        426,       1.09
  38,     13.761,       4140,        166,       1.72
  38,     15.383,       3873,        137,       1.85
