Acquisition date and time: 00-00-   0 (00:00:00)
Live Time:,        0
Real Time:,        0
 
Photopeaks:,     7
  20,      3.691,      10661,        107,       1.37
  26,      6.399,       1241,         76,       3.41
  28,      7.472,       1024,        129,       2.75
  29,      8.041,       1969,        137,       3.62
  30,      8.631,       1928,        142,       1.57
  39,     14.932,     578431,        723,       5.22
  57,      4.651,        278,         79,       3.28
Incoherent scattering peaks:,     3
  39,     14.508,       3622,        175,       1.63
  39,     16.235,       3526,        145,       2.69
  39,      1.916,      12199,        347,       3.11
