Acquisition date and time: 00-00-   0 (00:00:00)
Live Time:,        0
Real Time:,        0
 
Photopeaks:,     4
  15,      2.013,        848,         55,       0.88
  20,      3.691,      18565,        153,       3.66
  53,      3.937,     104048,        327,       3.03
  37,     13.375,     415290,        626,       2.14
Incoherent scattering peaks:,     3
  37,      1.688,       1247,        201,       1.80
  37,     13.034,       3420,        188,       1.61
  37,     14.555,       3432,        156,       1.67
