Acquisition date and time: 00-00-   0 (00:00:00)
Live Time:,        0
Real Time:,        0
 
Photopeaks:,     2
  20,      3.691,       9526,        128,       1.33
  38,     14.142,     552748,        708,       6.43
Incoherent scattering peaks:,     5
  20,      3.665,       1069,        116,       1.30
  38,      1.865,        322,        405,       1.46
  38,      1.801,       6926,        446,       1.32
  38,     13.761,       4299,        176,       2.07
  38,     15.383,       4269,        147,       1.74
