Acquisition date and time: 00-00-   0 (00:00:00)
Live Time:,        0
Real Time:,        0
 
Photopeaks:,     4
  15,      2.013,        938,         55,       1.43
  20,      3.691,      18474,        153,       2.83
  53,      3.937,     106613,        333,       2.17
  37,     13.375,     419366,        629,       3.20
Incoherent scattering peaks:,     3
  37,      1.688,       1364,        194,       1.56
  37,     13.034,       3059,        184,       1.85
  37,     14.555,       2979,        153,       1.69
