Acquisition date and time: 00-00-   0 (00:00:00)
Live Time:,        0
Real Time:,        0
 
Photopeaks:,     4
  20,      3.691,      14312,        158,       3.51
  24,      5.412,     776194,        873,       7.75
  26,      6.399,        256,         71,       2.58
  57,      4.651,        774,        107,       2.86
Incoherent scattering peaks:,     3
  20,      3.665,       1317,        129,       3.68
  24,      5.355,       9892,        366,       7.12
  24,      5.879,       3896,        231,      10.87
