Acquisition date and time: 00-00-   0 (00:00:00)
Live Time:,        0
Real Time:,        0
 
Photopeaks:,     4
  20,      3.691,       8037,        131,       5.19
  24,      5.412,     722951,        842,       5.57
  26,      6.399,        332,         69,       2.07
  57,      4.651,        717,        104,       3.75
Incoherent scattering peaks:,     3
  20,      3.665,       1358,        118,       5.79
  24,      5.355,       9453,        352,       5.69
  24,      5.879,       3397,        221,      12.21
