Acquisition date and time: 00-00-   0 (00:00:00)
Live Time:,        0
Real Time:,        0
 
Photopeaks:,     4
  20,      3.691,      14148,        165,       3.25
  24,      5.412,     749743,        858,       6.59
  26,      6.399,        344,         68,       2.85
  57,      4.651,        818,        105,       3.53
Incoherent scattering peaks:,     3
  20,      3.665,       1545,        139,       3.87
  24,      5.355,      11074,        361,       6.19
  24,      5.879,       3824,        229,      11.46
