Acquisition date and time: 00-00-   0 (00:00:00)
Live Time:,        0
Real Time:,        0
 
Photopeaks:,     4
  20,      3.691,      12596,        158,       3.38
  24,      5.412,     718055,        838,       6.32
  26,      6.399,        271,         65,       2.46
  57,      4.651,        772,        102,       2.88
Incoherent scattering peaks:,     3
  20,      3.665,       1053,        134,       4.20
  24,      5.355,       9600,        347,       6.20
  24,      5.879,       3486,        222,      12.44
