Acquisition date and time: 00-00-   0 (00:00:00)
Live Time:,        0
Real Time:,        0
 
Photopeaks:,     5
  20,      3.691,      11774,        109,       5.20
  22,      4.509,        387,         47,       1.12
  24,      5.412,        497,         63,       2.04
  26,      6.399,     788240,        867,       9.72
  30,      8.631,       1037,        110,       1.12
Incoherent scattering peaks:,     2
  26,      6.320,      10213,        295,       8.10
  26,      6.963,       6698,        222,      13.94
