Acquisition date and time: 00-00-   0 (00:00:00)
Live Time:,        0
Real Time:,        0
 
Photopeaks:,     5
  20,      3.691,      11467,        109,       5.07
  22,      4.509,        383,         48,       2.11
  24,      5.412,        503,         63,       1.63
  26,      6.399,     787835,        867,       8.90
  30,      8.631,       1160,        109,       0.76
Incoherent scattering peaks:,     2
  26,      6.320,      10836,        297,       8.01
  26,      6.963,       6715,        221,      16.44
