Acquisition date and time: 00-00-   0 (00:00:00)
Live Time:,        0
Real Time:,        0
 
Photopeaks:,     5
  20,      3.691,      12439,        112,       4.52
  22,      4.509,        407,         48,       1.85
  24,      5.412,        459,         63,       1.94
  26,      6.399,     765734,        856,       8.99
  30,      8.631,       1204,        115,       1.42
Incoherent scattering peaks:,     2
  26,      6.320,      10131,        298,       7.87
  26,      6.963,       6289,        220,      13.29
