Acquisition date and time: 00-00-   0 (00:00:00)
Live Time:,        0
Real Time:,        0
 
Photopeaks:,     5
  15,      2.013,       3230,         83,       0.79
  16,      2.307,        224,         69,       0.95
  17,      2.622,      58248,        327,       2.82
  19,      3.313,     120230,        409,       4.57
  20,      3.691,      49550,        345,       2.39
Incoherent scattering peaks:,     3
  17,      2.609,       2559,        319,       2.56
  19,      3.292,       1781,        287,       4.06
  20,      3.665,       3611,        384,       2.65
