Acquisition date and time: 00-00-   0 (00:00:00)
Live Time:,        0
Real Time:,        0
 
Photopeaks:,     5
  15,      2.013,       1821,         84,       1.02
  16,      2.307,        906,         91,       2.60
  17,      2.622,     162224,        500,       6.31
  19,      3.313,     351465,        663,       4.46
  20,      3.691,      33670,        276,       4.97
Incoherent scattering peaks:,     3
  17,      2.609,      13160,        443,       6.22
  19,      3.292,      13093,        432,       4.69
  20,      3.665,        470,        300,       5.16
