Acquisition date and time: 00-00-   0 (00:00:00)
Live Time:,        0
Real Time:,        0
 
Photopeaks:,     5
  15,      2.013,       1987,         84,       1.61
  16,      2.307,        883,         90,       3.08
  17,      2.622,     156212,        489,       4.82
  19,      3.313,     336053,        650,       3.89
  20,      3.691,      33114,        273,       4.01
Incoherent scattering peaks:,     3
  17,      2.609,      11303,        433,       4.75
  19,      3.292,      13593,        427,       4.21
  20,      3.665,        348,        295,       3.35
