Acquisition date and time: 00-00-   0 (00:00:00)
Live Time:,        0
Real Time:,        0
 
Photopeaks:,     5
  11,      1.041,       2016,         96,       3.52
  15,      2.013,       3723,         83,       3.95
  16,      2.307,       2901,         89,      20.88
  17,      2.622,     203690,        600,       6.86
  20,      3.691,      52759,        263,       1.74
Incoherent scattering peaks:,     3
  11,      1.039,       1046,        127,       3.52
  17,      2.609,      21480,        517,       7.26
  20,      3.665,       1976,        192,       1.50
