Acquisition date and time: 00-00-   0 (00:00:00)
Live Time:,        0
Real Time:,        0
 
Photopeaks:,     5
  11,      1.041,       2315,         93,       3.51
  15,      2.013,       2600,         74,       5.92
  16,      2.307,       3185,         91,      21.26
  17,      2.622,     211462,        600,       6.71
  20,      3.691,      31407,        210,       2.80
Incoherent scattering peaks:,     3
  11,      1.039,        956,        122,       3.51
  17,      2.609,      21442,        515,       6.82
  20,      3.665,       2528,        171,       2.66
