Acquisition date and time: 00-00-   0 (00:00:00)
Live Time:,        0
Real Time:,        0
 
Photopeaks:,     6
  14,      1.740,        366,         43,       1.11
  15,      2.013,       2328,         66,       3.23
  19,      3.313,        678,         68,       1.28
  20,      3.691,      35227,        255,       1.08
  21,      4.089,     494525,        783,       5.47
  45,      2.696,        160,         44,       1.23
Incoherent scattering peaks:,     3
  20,      3.665,       8356,        265,       1.08
  21,      4.057,      11548,        546,       4.92
  21,      4.422,       4871,        269,       3.74
