Acquisition date and time: 00-00-   0 (00:00:00)
Live Time:,        0
Real Time:,        0
 
Photopeaks:,     6
  14,      1.740,        420,         46,       1.17
  15,      2.013,       1609,         60,       2.21
  19,      3.313,        959,         70,       0.65
  20,      3.691,      22134,        219,       1.81
  21,      4.089,     472249,        761,       5.51
  45,      2.696,        159,         46,       1.39
Incoherent scattering peaks:,     3
  20,      3.665,       8257,        262,       1.74
  21,      4.057,      11196,        540,       5.23
  21,      4.422,       4760,        262,       3.23
