Acquisition date and time: 00-00-   0 (00:00:00)
Live Time:,        0
Real Time:,        0
 
Photopeaks:,     5
  14,      1.740,        236,         34,       1.37
  15,      2.013,       1348,         51,       0.98
  20,      3.691,      19206,        174,       1.60
  22,      4.509,     644234,        815,       6.15
  24,      5.412,        254,         57,       0.77
Incoherent scattering peaks:,     4
  20,      3.665,       2140,        163,       1.67
  20,      3.982,       4095,        150,       2.39
  22,      4.470,      17859,        404,       5.43
  22,      4.885,       2030,        219,       8.67
