Acquisition date and time: 00-00-   0 (00:00:00)
Live Time:,        0
Real Time:,        0
 
Photopeaks:,     6
  14,      1.740,        142,         30,       0.85
  15,      2.013,        684,         41,       1.53
  20,      3.691,       9534,        137,       1.67
  22,      4.509,     653313,        817,       7.11
  24,      5.412,       1216,         63,       1.03
  25,      5.895,        737,         67,       0.99
Incoherent scattering peaks:,     4
  20,      3.665,       2270,        147,       1.62
  20,      3.982,       4659,        137,       1.80
  22,      4.470,      17361,        388,       6.55
  22,      4.885,       1938,        221,      11.32
