Acquisition date and time: 00-00-   0 (00:00:00)
Live Time:,        0
Real Time:,        0
 
Photopeaks:,     5
  14,      1.740,        223,         34,       1.58
  15,      2.013,        672,         44,       1.34
  20,      3.691,      11233,        144,       1.53
  22,      4.509,     632165,        806,       6.54
  24,      5.412,        225,         57,       1.74
Incoherent scattering peaks:,     4
  20,      3.665,       1859,        154,       1.58
  20,      3.982,       4139,        141,       2.29
  22,      4.470,      16880,        395,       6.73
  22,      4.885,       2443,        223,      10.41
