Acquisition date and time: 00-00-   0 (00:00:00)
Live Time:,        0
Real Time:,        0
 
Photopeaks:,     6
  26,      6.399,        999,         81,       2.99
  28,      7.472,        561,        148,       1.13
  29,      8.041,        626,        157,       1.25
  30,      8.631,     408221,        652,       4.61
  33,     10.532,        240,        144,       1.15
  80,      9.980,        220,        148,       1.38
Incoherent scattering peaks:,     2
  30,      8.488,       2741,        273,       2.81
  30,      9.396,       4286,        201,       1.17
