Acquisition date and time: 00-00-   0 (00:00:00)
Live Time:,        0
Real Time:,        0
 
Photopeaks:,     6
  26,      6.399,        936,         78,       1.26
  28,      7.472,        661,        142,       1.18
  29,      8.041,        511,        150,       0.54
  30,      8.631,     405577,        649,       4.79
  33,     10.532,        222,        137,       1.59
  80,      9.980,        102,        139,       1.60
Incoherent scattering peaks:,     2
  30,      8.488,       2627,        272,       2.86
  30,      9.396,       4150,        195,       1.08
