Acquisition date and time: 00-00-   0 (00:00:00)
Live Time:,        0
Real Time:,        0
 
Photopeaks:,     6
  26,      6.399,       1059,         81,       2.67
  28,      7.472,        804,        148,       1.43
  29,      8.041,        651,        155,       1.96
  30,      8.631,     405704,        650,       2.62
  33,     10.532,        178,        144,       1.40
  80,      9.980,        191,        147,       1.41
Incoherent scattering peaks:,     2
  30,      8.488,       3325,        276,       1.89
  30,      9.396,       4185,        199,       1.52
