Acquisition date and time: 00-00-   0 (00:00:00)
Live Time:,        0
Real Time:,        0
 
Photopeaks:,     7
  14,      1.740,         89,         56,       0.68
  15,      2.013,       1416,         70,       0.99
  16,      2.307,       1884,         76,       1.18
  17,      2.622,       2050,        135,       5.32
  20,      3.691,      23351,        184,       2.45
  45,      2.696,       1009,        163,       2.38
  47,      2.984,     164227,        712,       3.52
Incoherent scattering peaks:,     2
  47,      3.132,       5804,       1381,       2.74
  47,      2.967,      11705,        817,       3.53
