Acquisition date and time: 00-00-   0 (00:00:00)
Live Time:,        0
Real Time:,        0
 
Photopeaks:,     6
  14,      1.740,         31,         58,       1.36
  15,      2.013,       1083,         71,       1.49
  17,      2.622,       1612,        136,       4.91
  20,      3.691,      23805,        188,       2.01
  45,      2.696,       1388,        161,       2.85
  47,      2.984,     161872,        749,       3.69
Incoherent scattering peaks:,     2
  47,      3.132,       9571,       1538,       3.60
  47,      2.967,       8204,        788,       3.60
