Acquisition date and time: 00-00-   0 (00:00:00)
Live Time:,        0
Real Time:,        0
 
Photopeaks:,     9
  14,      1.740,        274,         41,       1.06
  15,      2.013,       1314,         55,       1.85
  20,      3.691,      22041,        161,       2.51
  26,      6.399,        912,         93,       1.93
  28,      7.472,        791,        157,       2.24
  29,      8.041,       2300,        173,       4.33
  30,      8.631,       1173,        175,       0.95
  45,      2.696,          4,         49,       3.91
  56,      4.464,     280054,        589,       3.44
Incoherent scattering peaks:,     2
  56,      4.783,       2557,        604,       3.16
  56,      4.426,       9889,        385,       3.72
