Acquisition date and time: 00-00-   0 (00:00:00)
Live Time:,        0
Real Time:,        0
 
Photopeaks:,     9
  14,      1.740,        310,         43,       1.50
  15,      2.013,       1654,         59,       1.64
  20,      3.691,      27428,        178,       1.96
  26,      6.399,       1082,        100,       1.63
  28,      7.472,       1026,        170,       1.59
  29,      8.041,       2393,        181,       3.07
  30,      8.631,       1579,        188,       1.38
  45,      2.696,        188,         51,       3.92
  56,      4.464,     291620,        606,       4.59
Incoherent scattering peaks:,     2
  56,      4.783,       3187,        649,       4.01
  56,      4.426,       9763,        404,       4.94
