Acquisition date and time: 00-00-   0 (00:00:00)
Live Time:,        0
Real Time:,        0
 
Photopeaks:,     9
  14,      1.740,        376,         40,       1.67
  15,      2.013,       1406,         53,       2.32
  20,      3.691,      22272,        162,       2.72
  26,      6.399,        904,         93,       0.67
  28,      7.472,        933,        156,       1.97
  29,      8.041,       2083,        167,       2.70
  30,      8.631,       1191,        173,       0.86
  45,      2.696,        202,         47,       3.13
  56,      4.464,     257541,        568,       4.49
Incoherent scattering peaks:,     2
  56,      4.783,       3410,        608,       2.83
  56,      4.426,       8182,        374,       4.53
