Acquisition date and time: 00-00-   0 (00:00:00)
Live Time:,        0
Real Time:,        0
 
Photopeaks:,     3
  19,      3.313,        -47,         48,       1.11
  20,      3.691,      28822,        209,       1.68
  58,      4.838,     289394,        599,       4.06
Incoherent scattering peaks:,     4
  20,      3.665,        969,        190,       1.62
  58,      5.275,        507,       1808,       3.50
  58,      5.208,      -1215,       1455,       3.38
  58,      4.793,      10052,        382,       4.62
