Acquisition date and time: 00-00-   0 (00:00:00)
Live Time:,        0
Real Time:,        0
 
Photopeaks:,     5
  20,      3.691,      17167,        132,       2.01
  22,      4.509,        561,         55,       3.13
  29,      8.041,        944,        163,       2.51
  30,      8.631,       1961,        206,       1.50
  66,      6.491,     304181,        593,       4.87
Incoherent scattering peaks:,     3
  66,      7.198,      17908,       2789,       3.96
  66,      7.147,      -9098,       2186,       3.81
  66,      6.410,       6741,        306,       3.99
