Acquisition date and time: 00-00-   0 (00:00:00)
Live Time:,        0
Real Time:,        0
 
Photopeaks:,     5
  20,      3.691,      17152,        132,       1.76
  22,      4.509,        396,         54,       2.18
  29,      8.041,        915,        162,       1.85
  30,      8.631,       1308,        205,       2.21
  66,      6.491,     315378,        597,       7.76
Incoherent scattering peaks:,     3
  66,      7.198,      10834,       2906,       4.83
  66,      7.147,      -3622,       2304,       5.08
  66,      6.410,       6487,        294,       6.87
