Acquisition date and time: 00-00-   0 (00:00:00)
Live Time:,        0
Real Time:,        0
 
Photopeaks:,     4
  20,      3.691,      19405,        141,       2.20
  30,      8.631,       1244,        183,       0.84
  63,      5.843,     141725,        433,       3.57
  73,      8.140,     182682,        535,       1.94
Incoherent scattering peaks:,     4
  63,      6.435,        331,       1924,       2.95
  63,      6.375,       -464,       1482,       3.09
  63,      5.777,        543,        245,       2.54
  73,      8.012,      -2276,        464,       1.71
