Acquisition date and time: 00-00-   0 (00:00:00)
Live Time:,        0
Real Time:,        0
 
Photopeaks:,     4
  20,      3.691,      16142,        147,       1.66
  22,      4.509,        545,         54,       1.38
  30,      8.631,       1340,        169,       1.14
  68,      6.945,     318033,        603,       2.64
Incoherent scattering peaks:,     4
  20,      3.665,       1078,        112,       1.71
  68,      7.738,       3301,       3369,       6.06
  68,      7.693,       1624,       2781,       6.04
  68,      6.851,       6418,        298,       2.34
