Acquisition date and time: 00-00-   0 (00:00:00)
Live Time:,        0
Real Time:,        0
 
Photopeaks:,     3
  20,      3.691,      18345,        159,       5.12
  30,      8.631,       1325,        164,       1.29
  64,      6.054,     313523,        594,       3.43
Incoherent scattering peaks:,     4
  20,      3.665,       1295,        126,       4.48
  64,      6.683,      -1007,       2336,       4.84
  64,      6.626,       5786,       1816,       5.36
  64,      5.983,       5041,        295,       3.30
