Acquisition date and time: 00-00-   0 (00:00:00)
Live Time:,        0
Real Time:,        0
 
Photopeaks:,     6
  14,      1.740,        147,         37,       1.17
  15,      2.013,       1377,         53,       2.25
  19,      3.313,       -200,         58,       2.02
  20,      3.691,      22126,        185,       1.94
  45,      2.696,        187,         38,       0.92
  57,      4.651,     260071,        571,       2.64
Incoherent scattering peaks:,     4
  20,      3.665,        548,        162,       1.80
  57,      5.060,       6877,       1681,       4.55
  57,      4.993,      -5837,       1396,       3.73
  57,      4.609,       8262,        374,       2.39
