Acquisition date and time: 00-00-   0 (00:00:00)
Live Time:,        0
Real Time:,        0
 
Photopeaks:,     5
  20,      3.691,      11976,        115,       2.91
  29,      8.041,       1225,        190,       1.79
  30,      8.631,       1143,        165,       1.60
  62,      5.633,     309598,        590,       3.76
  73,      8.140,       8646,        192,       2.46
Incoherent scattering peaks:,     3
  62,      6.193,       6880,       2055,       3.42
  62,      6.131,       -273,       1580,       3.14
  62,      5.572,       3857,        299,       3.71
