Acquisition date and time: 00-00-   0 (00:00:00)
Live Time:,        0
Real Time:,        0
 
Photopeaks:,     4
  14,      1.740,        540,         57,       3.21
  15,      2.013,       1186,         67,       1.54
  47,      2.984,        722,         92,       2.00
  51,      3.604,     239318,        740,       5.81
Incoherent scattering peaks:,     3
  47,      2.967,        156,        157,       2.14
  51,      3.815,       6128,       1391,       4.67
  51,      3.579,      16095,        513,       6.63
