Acquisition date and time: 00-00-   0 (00:00:00)
Live Time:,        0
Real Time:,        0
 
Photopeaks:,     4
  14,      1.740,        562,         53,       3.70
  15,      2.013,       1734,         69,       2.79
  47,      2.984,        535,         88,       4.39
  51,      3.604,     226635,        728,       8.73
Incoherent scattering peaks:,     3
  47,      2.967,        786,        150,       3.60
  51,      3.815,       9822,       1387,       9.61
  51,      3.579,      15340,        488,       8.59
