Acquisition date and time: 00-00-   0 (00:00:00)
Live Time:,        0
Real Time:,        0
 
Photopeaks:,     5
  14,      1.740,        577,         54,       3.59
  15,      2.013,       1756,         69,       2.11
  22,      4.509,       1468,        122,       3.46
  47,      2.984,        587,         89,       4.59
  51,      3.604,     229813,        765,       7.71
Incoherent scattering peaks:,     3
  47,      2.967,        389,        147,       2.64
  51,      3.815,      23764,       1529,       9.26
  51,      3.579,      15446,        489,       6.63
