Acquisition date and time: 00-00-   0 (00:00:00)
Live Time:,        0
Real Time:,        0
 
Photopeaks:,     6
  14,      1.740,        507,         53,       2.62
  15,      2.013,       1653,         68,       1.20
  20,      3.691,      16635,        788,       3.64
  22,      4.509,       1320,        122,       1.49
  47,      2.984,        640,         90,       4.27
  51,      3.604,     223254,        814,       3.79
Incoherent scattering peaks:,     3
  47,      2.967,        422,        148,       3.69
  51,      3.815,       5887,       1771,       3.32
  51,      3.579,      16419,        486,       4.06
