Acquisition date and time: 00-00-   0 (00:00:00)
Live Time:,        0
Real Time:,        0
 
Photopeaks:,     7
  15,      2.013,       1371,         80,       5.05
  16,      2.307,       -264,         84,       1.68
  17,      2.622,        -76,         56,       0.61
  19,      3.313,       1661,        122,       2.88
  20,      3.691,      19224,        646,       1.55
  45,      2.696,         28,         51,       0.94
  52,      3.768,     233569,        698,       2.65
Incoherent scattering peaks:,     2
  16,      2.297,        363,        126,       1.70
  52,      3.740,      18435,        604,       2.30
