Acquisition date and time: 00-00-   0 (00:00:00)
Live Time:,        0
Real Time:,        0
 
Photopeaks:,     7
  15,      2.013,        885,         81,       3.41
  16,      2.307,         24,         97,       5.35
  17,      2.622,        272,         67,       1.80
  19,      3.313,       4158,        139,       2.87
  20,      3.691,      12223,        639,       1.98
  45,      2.696,        -73,         57,       0.87
  52,      3.768,     254344,        695,       3.23
Incoherent scattering peaks:,     2
  16,      2.297,        788,        145,       6.65
  52,      3.740,      19293,        628,       3.02
