Acquisition date and time: 00-00-   0 (00:00:00)
Live Time:,        0
Real Time:,        0
 
Photopeaks:,     3
  20,      3.691,      17082,        149,       6.93
  30,      8.631,       1435,        169,       1.52
  65,      6.269,     303546,        582,       5.76
Incoherent scattering peaks:,     4
  20,      3.665,       1185,        112,       7.07
  65,      6.936,      10765,       2608,       3.16
  65,      6.884,      -3724,       2073,       3.20
  65,      6.193,       6067,        285,       5.87
