Acquisition date and time: 00-00-   0 (00:00:00)
Live Time:,        0
Real Time:,        0
 
Photopeaks:,     7
  15,      2.013,       1423,         80,       6.39
  16,      2.307,       -235,         86,       1.18
  17,      2.622,       -110,         59,       1.36
  19,      3.313,       1413,        126,       3.37
  20,      3.691,      21784,        674,       2.40
  45,      2.696,        -16,         54,       1.39
  52,      3.768,     246109,        703,       3.29
Incoherent scattering peaks:,     2
  16,      2.297,        113,        124,       1.24
  52,      3.740,      18241,        606,       2.90
