Acquisition date and time: 00-00-   0 (00:00:00)
Live Time:,        0
Real Time:,        0
 
Photopeaks:,     9
  14,      1.740,       5234,        114,       1.84
  15,      2.013,        339,        161,       4.69
  16,      2.307,      75005,        636,      49.30
  17,      2.622,      34446,        552,       4.50
  46,      2.838,       -717,        307,       2.34
  28,      7.472,        957,        144,       1.68
  29,      8.041,       1049,        150,       1.25
  30,      8.631,       2378,        158,       1.72
  81,     10.259,     329737,        619,       5.29
Incoherent scattering peaks:,     6
  14,      1.734,       -290,        115,       1.57
  16,      2.297,      32921,        698,      45.86
  17,      2.609,     -24172,        840,       4.44
  81,     11.890,      19686,       3645,       1.60
  81,     11.928,     -19015,       4130,       1.67
  81,     10.057,       4881,        246,       2.11
