Acquisition date and time: 00-00-   0 (00:00:00)
Live Time:,        0
Real Time:,        0
 
Photopeaks:,     5
  20,      3.691,      17260,        131,       3.58
  26,      6.399,       1239,        100,       1.03
  57,      4.651,        443,         82,       3.36
  70,      7.411,     297222,        579,       4.40
  73,      8.140,       6387,        200,       2.96
Incoherent scattering peaks:,     2
  70,      8.266,       8849,        423,       2.77
  70,      7.305,       5763,        296,       4.54
