Acquisition date and time: 00-00-   0 (00:00:00)
Live Time:,        0
Real Time:,        0
 
Photopeaks:,     5
  20,      3.691,      15138,        125,       2.08
  26,      6.399,       1064,         96,       0.96
  57,      4.651,        423,         82,       2.73
  70,      7.411,     292653,        575,       3.16
  73,      8.140,       5668,        192,       2.30
Incoherent scattering peaks:,     2
  70,      8.266,       8418,        429,       2.79
  70,      7.305,       5864,        300,       3.22
