Acquisition date and time: 00-00-   0 (00:00:00)
Live Time:,        0
Real Time:,        0
 
Photopeaks:,     6
  13,      1.487,        109,         27,       2.14
  15,      2.013,        188,         33,       0.82
  29,      8.041,        759,        106,       1.54
  30,      8.631,       1050,        110,       1.02
  31,      9.243,     110608,        361,       3.94
  33,     10.532,     445718,        679,       6.69
Incoherent scattering peaks:,     5
  15,      2.005,        217,         45,       0.80
  31,      9.079,        484,        163,       3.59
  31,     10.061,        950,        243,       1.44
  33,     10.319,       3262,        525,       2.35
  33,     11.461,       4269,        138,       2.33
