Acquisition date and time: 00-00-   0 (00:00:00)
Live Time:,        0
Real Time:,        0
 
Photopeaks:,     6
  14,      1.740,        407,         38,       1.39
  15,      2.013,       1265,         51,       1.11
  19,      3.313,        789,         59,       1.77
  20,      3.691,      16473,        184,       1.28
  21,      4.089,     345356,        641,       7.78
  45,      2.696,        140,         37,       1.89
Incoherent scattering peaks:,     3
  20,      3.665,       5721,        212,       1.44
  21,      4.057,       8320,        430,       7.58
  21,      4.422,       3991,        227,       2.54
