Acquisition date and time: 00-00-   0 (00:00:00)
Live Time:,        0
Real Time:,        0
 
Photopeaks:,     4
  15,      2.013,       1140,         90,       8.27
  20,      3.691,       6186,        102,       1.92
  42,      2.293,      31293,        306,       2.02
  42,     17.443,     380143,        632,       4.03
Incoherent scattering peaks:,     4
  15,      2.005,       1580,        122,       6.84
  20,      3.665,        500,         94,       2.04
  42,      2.384,       5033,        382,       2.13
  42,     16.867,       2514,        124,       1.37
