Acquisition date and time: 00-00-   0 (00:00:00)
Live Time:,        0
Real Time:,        0
 
Photopeaks:,     6
  15,      2.013,       1389,         71,       1.96
  16,      2.307,        742,         79,       1.72
  17,      2.622,     117700,        437,       4.95
  19,      3.313,     254611,        557,       9.12
  20,      3.691,      23679,        231,       2.40
  45,      2.696,       1007,        249,       5.08
Incoherent scattering peaks:,     3
  17,      2.609,       8289,        373,       4.61
  19,      3.292,       9375,        359,       9.11
  20,      3.665,       1022,        260,       2.52
