Acquisition date and time: 00-00-   0 (00:00:00)
Live Time:,        0
Real Time:,        0
 
Photopeaks:,     5
  14,      1.740,        158,         28,       1.04
  15,      2.013,        927,         42,       1.61
  20,      3.691,      14039,        146,       1.94
  22,      4.509,     468863,        692,       9.88
  24,      5.412,        173,         48,       1.11
Incoherent scattering peaks:,     4
  20,      3.665,       1304,        130,       0.83
  20,      3.982,       3191,        128,       1.15
  22,      4.470,      12893,        331,       9.74
  22,      4.885,       2365,        196,       8.61
