Acquisition date and time: 00-00-   0 (00:00:00)
Live Time:,        0
Real Time:,        0
 
Photopeaks:,     6
  14,      1.740,        292,         47,       0.98
  15,      2.013,       1158,         59,       0.97
  17,      2.622,       1331,        116,       5.20
  20,      3.691,      17626,        159,       3.72
  45,      2.696,       1310,        146,       2.58
  47,      2.984,     123991,        634,       4.02
Incoherent scattering peaks:,     2
  47,      3.132,       4334,       1331,       4.30
  47,      2.967,       6646,        706,       3.33
