Acquisition date and time: 00-00-   0 (00:00:00)
Live Time:,        0
Real Time:,        0
 
Photopeaks:,     4
  15,      2.013,       7421,        111,       2.80
  29,      8.041,       1082,        113,       1.69
  30,      8.631,        859,        118,       1.42
  31,      9.243,     547202,        722,       7.05
Incoherent scattering peaks:,     4
  15,      2.005,       2221,         90,       2.86
  31,      1.096,        538,         97,       2.44
  31,      9.079,       4686,        225,       5.44
  31,     10.061,       5287,        163,       2.15
