Acquisition date and time: 00-00-   0 (00:00:00)
Live Time:,        0
Real Time:,        0
 
Photopeaks:,     4
  15,      2.013,        922,         81,       8.20
  20,      3.691,      11471,        129,       1.79
  42,      2.293,      22251,        247,       1.48
  42,     17.443,     386922,        638,       3.73
Incoherent scattering peaks:,     4
  15,      2.005,       1363,        112,       5.77
  20,      3.665,        421,        105,       1.43
  42,      2.384,       4146,        334,       1.83
  42,     16.867,       2245,        123,       2.22
