Acquisition date and time: 00-00-   0 (00:00:00)
Live Time:,        0
Real Time:,        0
 
Photopeaks:,     4
  15,      2.013,        757,         48,       1.48
  20,      3.691,      13360,        130,       2.12
  53,      3.937,      79739,        286,       5.20
  37,     13.375,     293225,        525,       3.33
Incoherent scattering peaks:,     3
  37,      1.688,        393,        155,       1.27

  37,     13.034,       2520,        153,       1.40

  37,     14.555,       2198,        124,       1.85
