Acquisition date and time: 00-00-   0 (00:00:00)
Live Time:,        0
Real Time:,        0
 
Photopeaks:,     4
  15,      2.013,        669,         40,       0.82
  20,      3.691,      10277,        136,       2.16
  55,      4.285,      97257,        367,       6.08
  35,     11.908,     280543,        519,       4.31
Incoherent scattering peaks:,     4
  20,      3.665,        907,        123,       2.06

  35,      1.476,        274,        115,       1.89

  55,      4.579,       1713,        424,       3.72

  55,      4.250,       2129,        277,       5.82
