Acquisition date and time: 00-00-   0 (00:00:00)
Live Time:,        0
Real Time:,        0
 
Photopeaks:,     5
  14,      1.740,        300,         38,       2.18
  15,      2.013,       1292,         52,       1.82
  20,      3.691,      20652,        155,       2.38
  26,      6.399,        779,         87,       2.13
  56,      4.464,     218025,        528,       6.29
Incoherent scattering peaks:,     3
  56,      4.851,       2280,       1591,       5.06
  56,      4.783,       1877,       1397,       4.91
  56,      4.426,       6874,        346,       6.10
