Acquisition date and time: 00-00-   0 (00:00:00)
Live Time:,        0
Real Time:,        0
 
Photopeaks:,     5
  20,      3.691,      12521,        113,       1.81
  26,      6.399,        843,         87,       2.41
  57,      4.651,        379,         73,       3.37
  70,      7.411,     239239,        516,       5.56
  73,      8.140,       4503,        175,       3.26
Incoherent scattering peaks:,     2
  70,      8.266,       6157,        361,       4.59
  70,      7.305,       4102,        256,       4.87
