Acquisition date and time: 00-00-   0 (00:00:00)
Live Time:,        0
Real Time:,        0
 
Photopeaks:,     9
  14,      1.740,        243,         36,       2.28
  15,      2.013,       1173,         50,       1.96
  20,      3.691,      19318,        150,       2.17
  26,      6.399,        904,         86,       1.67
  28,      7.472,        675,        143,       2.61
  29,      8.041,       1921,        151,       3.18
  30,      8.631,       1263,        154,       1.06
  45,      2.696,         33,         43,       2.99
  56,      4.464,     217940,        517,       7.14
Incoherent scattering peaks:,     2
  56,      4.783,       3565,        530,       5.06
  56,      4.426,       7011,        328,       7.38
