Acquisition date and time: 00-00-   0 (00:00:00)
Live Time:,        0
Real Time:,        0
 
Photopeaks:,     9
  14,      1.740,        299,         38,       2.17
  15,      2.013,       1291,         52,       1.82
  20,      3.691,      20652,        155,       2.37
  26,      6.399,        811,         87,       2.15
  28,      7.472,        891,        147,       2.21
  29,      8.041,       1878,        156,       3.39
  30,      8.631,       1293,        158,       1.45
  45,      2.696,         63,         45,       1.66
  56,      4.464,     218041,        529,       6.34
Incoherent scattering peaks:,     3
  56,      4.851,       2159,       1591,       5.06
  56,      4.783,       1852,       1398,       4.61
  56,      4.426,       6845,        346,       6.18
