Acquisition date and time: 00-00-   0 (00:00:00)
Live Time:,        0
Real Time:,        0
 
Photopeaks:,     5
  20,      3.691,      14266,        120,       3.02
  22,      4.509,        496,         51,       2.79
  29,      8.041,        634,        149,       1.29
  30,      8.631,       1529,        187,       1.47
  66,      6.491,     249204,        532,       5.84
Incoherent scattering peaks:,     3
  66,      7.198,      12308,       2570,       5.88
  66,      7.147,      -5724,       2030,       4.45
  66,      6.410,       4988,        262,       5.77
