Acquisition date and time: 00-00-   0 (00:00:00)
Live Time:,        0
Real Time:,        0
 
Photopeaks:,     7
  20,      3.691,      12632,        112,       3.23
  26,      6.399,       1006,         64,       2.96
  28,      7.472,        729,        107,       2.77
  29,      8.041,       1657,        115,       2.13
  30,      8.631,       1554,        120,       1.79
  39,     14.932,     375137,        582,       4.64
  57,      4.651,        357,         65,       2.00
Incoherent scattering peaks:,     3
  39,     14.508,       2578,        137,       1.24
  39,     16.235,       2155,        112,       1.41
  39,      1.916,       8328,        259,       4.15
