Acquisition date and time: 00-00-   0 (00:00:00)
Live Time:,        0
Real Time:,        0
 
Photopeaks:,     5
  15,      2.013,        459,         38,       3.02
  29,      8.041,        691,        103,       0.87
  30,      8.631,        985,        107,       1.67
  31,      9.243,     129454,        384,       3.38
  33,     10.532,     413908,        658,       6.66
Incoherent scattering peaks:,     7
  15,      2.005,        138,         46,       2.78
  31,      1.096,        219,         82,       0.78
  33,      1.279,        701,        204,       2.53
  31,      9.079,        599,        162,       3.36
  31,     10.061,       1279,        242,       0.90
  33,     10.319,       2534,        530,       2.53
  33,     11.461,       3713,        132,       2.26
