Acquisition date and time: 00-00-   0 (00:00:00)
Live Time:,        0
Real Time:,        0
 
Photopeaks:,     6
  14,      1.740,         89,         34,       1.42
  15,      2.013,        430,         40,       1.00
  16,      2.307,        281,         38,       0.49
  20,      3.691,       6660,        157,       2.57
  48,      3.133,      50821,        275,       2.66
  34,     11.208,     296525,        567,       5.12
Incoherent scattering peaks:,     3
  20,      3.665,       1106,        232,       2.69
  34,      1.375,        974,        134,       1.61
  48,      3.114,       4024,        261,       2.56
