Acquisition date and time: 00-00-   0 (00:00:00)
Live Time:,        0
Real Time:,        0
 
Photopeaks:,     7
  20,      3.691,       7814,         90,       1.12
  26,      6.399,        849,         63,       2.75
  28,      7.472,        748,        109,       1.71
  29,      8.041,       1599,        116,       2.37
  30,      8.631,       1458,        121,       1.31
  39,     14.932,     400646,        601,       5.79
  57,      4.651,        316,         64,       2.79
Incoherent scattering peaks:,     3
  39,     14.508,       2455,        138,       1.74
  39,     16.235,       2337,        114,       1.52
  39,      1.916,       7248,        272,       3.09
