Acquisition date and time: 00-00-   0 (00:00:00)
Live Time:,        0
Real Time:,        0
 
Photopeaks:,     6
  14,      1.740,       1407,         57,       7.11
  15,      2.013,      44006,        263,       4.90
  45,      2.696,         62,         24,       0.93
  29,      8.041,       1386,        151,       0.94
  30,      8.631,       1809,        156,       1.67
  31,      9.243,     408328,        644,       5.87
Incoherent scattering peaks:,     4
  15,      2.005,       7333,        206,       4.77
  31,      1.096,         75,        103,       2.08
  31,      9.079,       3242,        255,       4.13
  31,     10.061,       4046,        184,       2.14
