Acquisition date and time: 00-00-   0 (00:00:00)
Live Time:,        0
Real Time:,        0
 
Photopeaks:,     2
  20,      3.691,       7723,        110,       2.11
  38,     14.142,     432484,        625,       3.67
Incoherent scattering peaks:,     5
  20,      3.665,        661,         95,       1.82
  38,      1.865,       1701,        389,       1.47
  38,      1.801,       3778,        387,       1.88
  38,     13.761,       3025,        149,       1.38
  38,     15.383,       3020,        124,       1.37
