Acquisition date and time: 00-00-   0 (00:00:00)
Live Time:,        0
Real Time:,        0
 
Photopeaks:,     3
  15,      2.013,        520,        120,       1.10
  20,      3.691,       7710,        110,       2.07
  38,     14.142,     432484,        625,       3.67
Incoherent scattering peaks:,     5
  20,      3.665,        675,         96,       1.81
  38,      1.865,       -927,        695,       1.39
  38,      1.801,       4839,        452,       1.77
  38,     13.761,       3025,        149,       1.38
  38,     15.383,       3020,        124,       1.37
