Acquisition date and time: 00-00-   0 (00:00:00)
Live Time:,        0
Real Time:,        0
 
Photopeaks:,     5
  20,      3.691,       9072,         96,       3.19
  24,      5.412,        305,         53,       1.21
  26,      6.399,     555227,        729,      14.32
  29,      8.041,        275,         92,       1.37
  30,      8.631,        882,         96,       1.43
Incoherent scattering peaks:,     2
  26,      6.320,       7253,        249,      11.23
  26,      6.963,       5012,        186,      11.56
