Acquisition date and time: 00-00-   0 (00:00:00)
Live Time:,        0
Real Time:,        0
 
Photopeaks:,     5
  15,      2.013,       1463,         73,       0.95
  16,      2.307,        830,         81,       2.95
  17,      2.622,     124613,        426,       5.19
  19,      3.313,     265570,        568,       6.93
  20,      3.691,      25855,        240,       2.85
Incoherent scattering peaks:,     3
  17,      2.609,       7913,        361,       4.81
  19,      3.292,      10252,        355,       7.04
  20,      3.665,       1256,        270,       2.68
