Acquisition date and time: 00-00-   0 (00:00:00)
Live Time:,        0
Real Time:,        0
 
Photopeaks:,     5
  11,      1.041,       2079,         85,       0.98
  15,      2.013,       2175,         66,       4.75
  16,      2.307,       2597,         83,      15.37
  17,      2.622,     177165,        537,       6.85
  20,      3.691,      25524,        186,       2.96
Incoherent scattering peaks:,     3
  11,      1.039,        531,        113,       0.98
  17,      2.609,      16678,        453,       6.66
  20,      3.665,       1949,        146,       3.51
