Acquisition date and time: 00-00-   0 (00:00:00)
Live Time:,        0
Real Time:,        0
 
Photopeaks:,     5
  14,      1.740,        231,         31,       1.06
  15,      2.013,        639,         40,       1.20
  20,      3.691,       9614,        131,       2.48
  22,      4.509,     540597,        743,       8.76
  24,      5.412,        212,         52,       1.12
Incoherent scattering peaks:,     4
  20,      3.665,       1614,        133,       2.61
  20,      3.982,       3671,        129,       1.41
  22,      4.470,      14761,        355,       8.04
  22,      4.885,       2488,        210,       9.49
