Acquisition date and time: 00-00-   0 (00:00:00)
Live Time:,        0
Real Time:,        0
 
Photopeaks:,     5
  15,      2.013,        805,         52,       1.58
  26,      6.399,       1013,         68,       3.24
  28,      7.472,        977,        118,       3.29
  30,      8.631,     326930,        576,       5.52
  52,      3.768,      85067,        231,      39.15
Incoherent scattering peaks:,     3
  30,      8.488,       5116,        223,       4.27
  30,      9.396,       4770,        168,       2.15
  52,      3.740,      13042,        291,      44.27
