Acquisition date and time: 00-00-   0 (00:00:00)
Live Time:,        0
Real Time:,        0
 
Photopeaks:,     5
  15,      2.013,        746,         53,       1.38
  26,      6.399,       1017,         68,       3.22
  28,      7.472,        981,        118,       3.28
  30,      8.631,     326972,        577,       5.53
  52,      3.768,      93949,        343,      14.11
Incoherent scattering peaks:,     3
  30,      8.488,       5071,        223,       4.32
  30,      9.396,       4765,        168,       2.10
  52,      3.740,       9751,        306,      21.76
