Acquisition date and time: 00-00-   0 (00:00:00)
Live Time:,        0
Real Time:,        0
 
Photopeaks:,     5
  14,      1.740,        243,         36,       2.28
  15,      2.013,       1175,         50,       1.94
  20,      3.691,      19319,        150,       2.13
  26,      6.399,        882,         86,       1.65
  56,      4.464,     217899,        517,       7.07
Incoherent scattering peaks:,     2
  56,      4.783,       3728,        530,       5.09
  56,      4.426,       7035,        328,       7.29
