Acquisition date and time: 00-00-   0 (00:00:00)
Live Time:,        0
Real Time:,        0
 
Photopeaks:,     5
  15,      2.013,        682,         69,       3.24
  16,      2.307,         37,         84,       1.89
  19,      3.313,       2768,        116,       3.85
  45,      2.696,        135,         47,       3.60
  52,      3.768,     193613,        492,       7.02
Incoherent scattering peaks:,     2
  16,      2.297,        825,        122,       2.08
  52,      3.740,      17051,        441,       7.57
