$Informacoes da Fluorescencia de Raios-X:
"Sample    : ag_31508",                                                                   
"Operator  : ",                                                                           
"Comment  : micromatter ag 47.2ug/cm2",                                                   
"Group     : kerr2007ab13liv300al",                                                       
"Date       : 2013-03-07 14:56:02",                                                       
"",                                                                                       
"Mesurement Condition",                                                                   
"------------------------------------------------------------------------------------",   
"Instrument : 700HS2   Atmosphere : Vac.   Collimator : 10(mm)   Spin : No",              
"------------------------------------------------------------------------------------",   
"Analyte               TG kV   uA      FI Acq.(keV)  Anal.(keV)  Time(sec)     DT(%)",    
"------------------------------------------------------------------------------------",   
"Na                    Rh 50  496-Auto Al  0 - 20    0.8 - 1.2   Live -  179   20",       
"Channel_info_start",                                                                     
"Channel : Na",                                                                           
"Points : 2048
"Range : 0.000000 - 20.480000",                                                           
"Step : 0.010000",                                                                        
"Channel_info_end",                                                                       
$DATA:
       0    2047
       0       0       0       0       0       0       0       0       0    2048
       0       0       0       0       0       0       0       0       0       0
       0       0       0       0       0       0       0       0       0       0
       0       0       0       0       0       0       1       5       1       3
      36      92      88      93      76      74      61      81      75      61
      74      67      65      95      72      77      82      79      73      65
      71      71      85      63      66      79      71      85      67      75
      66      72      74      81      59      71      66      56      70      77
      55      64      67      82      66      59      56      75      86      75
      84      76      73      67      91      79      70      75      64      73
      74      81      76      54      77      93      56      71      65      78
      65      69      62      81      63      78      95      88     103      76
      97      96     102      79      96     116     122     157     170     202
     243     279     251     285     283     291     256     239     222     161
     140     155     142     126     136     135     148     147     167     177
     178     179     185     167     157     137     141     153     129     157
     126     130     131     101      97      90     110     111     130     124
     109     116     102      97     100      97      85     100      84     106
     109     106     101     109      92     103      97     107      87     100
      97      94      88     106      87      89      80      97     109     109
     108     123     108     161     145     183     182     201     209     245
     239     225     213     228     193     170     148     146     112     106
      91     107      90      86     106      67      82     116     101      90
     117     123     138     157     182     181     210     200     249     267
     264     241     235     238     198     219     169     142     157     150
     142     148     132     164     172     157     162     191     199     194
     194     215     264     267     328     407     424     468     536     659
     700     795     776     799     729     686     646     634     598     527
     457     482     435     406     438     440     425     472     550     590
     587     667     597     719     855    1069    1422    2100    2672    3586
    4610    6098    7672    9312   10488   12104   12824   13479   13163   12963
   12441   10989    9308    8360    6869    6013    5161    4883    4753    5011
    5197    5862    6286    6494    6607    6718    6650    6487    5904    5703
    4982    4642    3881    3516    2928    2730    2263    2076    1936    1818
    1755    1616    1604    1698    1546    1631    1480    1361    1282    1144
     966     862     795     680     640     633     627     646     678     624
     716     746     704     642     677     624     613     650     650     808
     862    1003    1080    1318    1540    1728    1777    1942    1940    2014
    1904    1730    1633    1500    1306    1065     900     787     602     472
     401     314     274     214     225     152     148     149     137     125
     136     179     163     172     186     221     239     246     251     285
     270     291     256     219     217     202     168     168     137     132
     112      87      86      71      86      70      61      51      56      69
      51      57      63      65      61      65      66      54      89      66
      66      88      56      69      64      89      85      84     102      77
      75      79      84      85      82      88      94      97      95     111
      86     101      82     105      99     106     100      94     101     103
     112     103      85     101     106      90      88      85      89      80
      90      95     103      93      70      78      77      79      81      84
      84     105      80      61      88      84      63      94      71      76
      67      86      89      70      75      78      70      70      77      82
      78      90      67      84      92      77      81      87      96      88
      92      87      67      96      81      90      89     123      92      84
     100      96     124     107     110     109     114     110      95     126
     109     114     132     112     139     126     133     145     152     139
     148     159     130     145     148     135     146     137     162     129
     140     145     129     127     140     115     127     132      96     135
     131     126      96     111     110     129     114      94      96     107
      99     106     104      85     109     110     131     114     121     115
      97     108     102     133     120     117     130      94     144     118
     114     124     134     132     140     134     164     146     144     152
     142     156     177     146     170     148     165     198     183     179
     192     209     204     194     207     200     212     257     253     225
     276     255     255     269     270     241     280     274     289     284
     307     326     315     313     311     324     322     324     315     341
     351     350     354     297     292     282     285     329     275     301
     292     317     298     306     269     265     246     268     274     243
     260     265     235     241     243     238     226     213     217     249
     205     229     240     220     229     183     211     197     199     214
     208     207     198     202     215     194     212     200     175     214
     176     207     181     172     189     177     167     198     189     174
     161     186     170     186     178     145     172     170     169     198
     138     170     181     159     171     175     172     165     184     189
     140     191     170     161     152     183     164     174     156     167
     179     161     175     180     172     166     191     171     181     160
     176     176     185     171     165     182     176     171     213     180
     190     178     196     191     177     185     207     190     172     201
     192     182     189     185     167     195     163     200     208     178
     184     195     222     194     184     207     199     201     186     215
     198     213     209     184     217     201     182     202     224     213
     208     235     220     240     210     198     231     265     272     249
     264     259     252     275     299     255     245     266     237     272
     270     259     254     258     267     265     247     245     256     226
     251     266     238     237     271     271     261     269     271     259
     257     275     265     272     251     270     266     288     294     286
     305     257     237     310     261     294     277     267     288     299
     296     310     291     294     311     324     346     336     309     364
     333     332     314     314     343     329     297     320     290     305
     275     270     258     221     224     238     229     213     198     222
     226     215     224     228     220     258     204     212     214     208
     196     207     221     182     208     215     210     201     182     219
     208     178     207     213     201     214     200     191     195     235
     189     244     189     222     204     194     206     214     182     204
     211     217     198     213     214     222     214     221     230     249
     231     220     200     222     217     212     224     256     224     214
     215     223     238     228     221     240     238     232     254     253
     226     222     269     234     226     261     242     246     247     221
     227     242     230     242     214     232     208     223     211     209
     219     219     262     209     208     208     240     227     226     237
     235     246     234     202     245     239     253     243     228     254
     239     234     245     245     226     231     252     245     195     213
     230     211     214     217     254     245     205     217     209     216
     208     205     199     196     182     200     192     189     195     228
     232     214     223     195     177     198     187     175     214     172
     211     185     183     207     182     163     206     177     162     186
     176     177     174     176     177     178     180     171     161     183
     174     192     194     184     197     191     178     168     194     183
     190     202     169     189     185     199     174     185     180     169
     191     197     179     185     175     199     190     171     171     194
     186     194     204     178     192     202     193     201     197     179
     191     187     183     178     195     183     197     215     178     202
     190     229     205     204     202     212     199     219     201     213
     214     226     219     205     224     205     215     229     187     198
     238     205     227     186     216     204     230     210     199     228
     230     208     219     206     223     207     228     238     198     208
     254     219     187     183     194     227     202     213     195     225
     213     223     196     200     200     208     220     178     163     212
     210     190     187     169     213     222     206     236     208     223
     213     211     225     200     180     206     196     213     189     209
     190     194     200     190     189     193     199     204     181     214
     198     199     209     199     170     168     177     186     184     228
     184     181     179     184     210     180     171     187     182     167
     140     167     190     174     181     170     180     193     175     198
     193     169     185     193     164     175     162     163     163     154
     178     159     179     168     155     193     217     180     187     160
     177     205     169     160     152     165     163     189     177     179
     179     190     193     167     154     185     183     179     150     170
     170     194     210     171     171     169     170     154     174     162
     179     184     184     192     168     161     148     190     170     172
     183     155     155     182     179     166     181     135     165     157
     151     165     162     163     172     157     147     172     183     171
     151     159     172     133     180     177     162     174     180     160
     166     185     178     164     183     157     162     169     167     176
     165     178     157     144     164     180     137     164     177     168
     181     154     161     166     133     179     136     192     164     150
     155     149     176     170     172     169     162     164     181     174
     170     177     190     167     129     156     165     167     157     170
     152     161     168     177     172     170     132     144     155     165
     152     160     160     180     160     163     187     157     200     160
     166     170     145     181     180     145     166     164     153     148
     144     148     160     149     150     178     154     161     145     157
     168     149     160     184     148     151     163     148     168     166
     154     182     159     159     142     162     160     138     137     146
     164     177     156     147     152     170     147     156     151     157
     152     150     189     175     129     133     148     174     129     156
     164     146     146     147     175     142     146     174     164     178
     154     145     137     167     163     153     162     155     149     135
     171     146     169     160     155     118     145     149     162     140
     138     142     181     151     131     146     153     149     127     161
     162     129     151     139     148     140     137     168     137     137
     162     138     132     154     154     137     138     156     145     122
     154     155     133     133     161     133     130     126     141     133
     119     136     136     149     142     133     161     149     146     127
     138     116     121     116     130     149     152     146     133     149
     138     139     131     147     140     127     139     108     132     121
     160     151     117     130     121     141     134     112     130     133
     125     125     118     117     125     110     159     131     124     148
     129     121     132     147     133     127     119     133     152     122
     126     137     125     131     119     130     167     139     120     133
     149     133     144     131     145     156     138     121     138     146
     122     149     138     150     123     126     129     150     132     150
     120     152     150     125     117     147     144     125     144     119
     130     134     114     120     120     139     139     116     125     126
     122     119     136     140     125     114     112     132     135     142
     117     115     129     137     109     149     147     131     124     134
     138     126     132     109     139     162     131     121     118     123
     108     121     123     123     131     147     138     127     121     129
     126     126     135     127     134     115     137     132     136     102
     152     136     107     136     127     110     125     120     138     124
     150     135     111     129     134     137     130     120     139     125
     121     124     120     121     132     120     145     132     144     121
     120     144     109     127     124     134     115     111     127     131
      91     116     114     127     131     114     118     108     119     118
     102     120     109     115     145     126     104     126     144     106
     122      99     122     133     116     121     126     120     127     119
     142     117     121     101     140     119     124     136     108     121
     115     115     108     126      97     119     124     139      99     126
     114     136     119     132     115     129     121     114     100     117
     135     117     115     139     133     124     146     131     125     114
     131     109     125     120     119     132     112     110     139     139
     123     114     132     146     116     114     112     136     115     135
     123     125     134     109     121     119     146     130     118     145
     129     145     131     130     139     155     122     122     127     124
     131     115     148     129     131     153     139     120     137     132
     139     145     150     127     141     145     167     155     147     137
     138     174     149     171     167     171     164     161     164     170
     153     169     183     179     162     166     196     166     198     171
     206     196     194     220     214     225     211     239     251     262
     236     249     243     257     271     267     279     304     298     326
     337     322     342     299     367     350     408     389     463     468
     450     477     487     536     498     532     535     582     574     576
     615     628     615     614     671     665     669     693     711     690
     752     681     750     809     749     717     791     716     749     715
     839     697     765     717     739     747     709     690     634     630
     605     624     650     645     585     576     615     572     524     494
     511     466     454     447     448     429     382     389     429     370
     343     305     336     328     295     284     302     328     265     273
     250     234     251     234     244     226     189     222     228     206
     199     176     217     198     165     187     181     174     179     167
     213     185     205     189     200     219     202     235     279     249
     271     280     299     309     320     334     354     351     371     385
     396     425     421     424     466     445     459     483     475     444
     448     436     426     467     419     380     437     352     386     333
     355     314     294     270     309     275     259     219     213     217
     193     176     178     145     130     142     149     148     125     138
     112     127     115     109     105     131     114  316383
