$Informacoes da Fluorescencia de Raios-X:
"Sample    : ag_34693_16p",                                                               
"Operator  : ",                                                                           
"Comment  : micromater ag 46.5ug/cm2",                                                    
"Group     : kerr2007ab13liv300al",                                                       
"Date       : 2013-03-06 20:06:46",                                                       
"",                                                                                       
"Mesurement Condition",                                                                   
"------------------------------------------------------------------------------------",   
"Instrument : 700HS2   Atmosphere : Vac.   Collimator : 10(mm)   Spin : No",              
"------------------------------------------------------------------------------------",   
"Analyte               TG kV   uA      FI Acq.(keV)  Anal.(keV)  Time(sec)     DT(%)",    
"------------------------------------------------------------------------------------",   
"Na                    Rh 50  496-Auto Al  0 - 20    0.8 - 1.2   Live -  179   21",       
"Channel_info_start",                                                                     
"Channel : Na",                                                                           
"Points : 2048
"Range : 0.000000 - 20.480000",                                                           
"Step : 0.010000",                                                                        
"Channel_info_end",                                                                       
$DATA:
       0    2047
       0       0       0       0       0       0       0       0       0    2048
       0       0       0       0       0       0       0       0       0       0
       0       0       0       0       0       0       0       0       0       0
       0       0       0       0       0       0       0       0       1       3
      29      53      70      77      84      54      65      72      70      84
      60      54      62      62      70      79      76      73      68      61
      57      60      76      66      75      54      72      72      69      61
      69      56      52      67      59      60      67      69      72      68
      66      57      62      57      68      72      68      69      68      68
      67      60      67      68      74      79      71      76      81      82
      72      77      68      79      67      84      60      82      79      76
      71      75      74      72      75      74      75      90      85      86
     102      87      81     105      89     126     133     168     198     176
     227     261     294     238     268     281     246     239     192     188
     148     141     136     148     133     149     188     154     155     164
     167     161     189     150     165     143     162     154     134     133
     113     124      89     106      91     117     113     108      99     117
     121      89      97      88      98      98      93      95     116     112
      91     100     105     108     122     105     123      91      98      87
     115     117     114      91      92     104      94     100     103      99
     118     128     134     160     146     149     194     217     206     213
     242     238     199     195     186     168     128     139     123     124
     118     104     114     126     132     115     143     157     140     169
     151     175     172     152     151     162     168     142     178     169
     139     131     143     132     125     134     134     127     128     117
     115     139     143     147     155     160     160     147     167     194
     197     219     225     287     315     411     401     496     568     569
     675     738     696     790     726     699     673     591     587     566
     488     459     417     445     444     393     454     501     452     540
     568     579     636     742     872    1113    1387    1995    2667    3662
    4713    6080    7230    9147   10051   11814   12263   13025   12754   12723
   11924   10985    9463    8520    6887    6236    5314    5004    4763    4952
    5166    5609    5988    6406    6325    6365    6554    6301    5754    5765
    4969    4613    3973    3407    3022    2768    2406    2077    1942    1985
    1738    1597    1647    1691    1631    1633    1406    1357    1273    1094
    1003     952     742     694     653     647     605     652     686     673
     665     683     685     656     634     645     642     678     713     759
     855    1032    1166    1288    1524    1683    1801    1982    1978    1962
    1922    1750    1734    1512    1284    1119     947     818     621     521
     427     328     297     250     158     168     162     139     132     107
     116     141     177     188     183     206     232     255     270     280
     250     296     239     224     215     206     185     154     141     135
     107     128      87      69      61      73      62      53      65      62
      57      60      54      62      75      56      53      60      90      68
      68      72      80      72      65      65      78      90      82      77
      97      79      77      93      90      84      82      97      91     100
     102     102     104     105      82     105      91      78      92     104
      95     109     103     103     110      87     112     111      87     108
     102      93      96      78      79      97     105      84      77      86
      86      78      78      70     110      85      75      62      67      65
      72      84      87      71      63      71      61      87      65      84
      73      87      86      72      74      78      68      79      75      93
      84     107      77      92      90      86      93      99      99     113
      82     113      88      88     122     111     133      97     117     103
     114     122     142     142     130     140     136     124     159     132
     159     148     140     124     145     136     137     132     132     122
     130     151     137     127     140     109     136     105     113     110
     116     129      95     114     115     103     104     107     103     100
     100     130     105      95     108     121     111     116      90     103
     110     114     122     118     111     118     105     116     111     126
     130     134     124     147     121     128     145     142     162     137
     141     149     148     155     163     179     181     182     169     166
     198     204     207     220     224     238     227     230     274     223
     246     251     232     253     234     282     280     295     296     295
     308     301     349     344     314     332     326     341     327     327
     348     378     346     327     347     314     327     331     310     313
     301     309     301     311     277     306     296     282     246     252
     257     291     238     241     227     232     234     255     233     264
     233     239     244     226     228     224     219     231     183     216
     228     221     210     190     209     208     190     183     205     188
     169     163     176     190     150     176     196     176     189     155
     163     178     183     189     179     166     166     127     180     159
     161     173     167     163     176     148     157     148     157     169
     164     152     166     153     158     181     178     166     183     194
     180     162     162     172     167     172     172     151     194     168
     171     166     194     182     181     175     204     185     189     196
     183     197     206     176     188     195     184     190     183     183
     165     184     189     162     209     185     183     191     172     214
     172     155     188     179     179     204     179     189     203     181
     196     183     212     184     173     194     215     189     197     230
     210     230     224     212     236     240     246     235     246     246
     259     278     253     265     281     221     269     228     264     261
     238     240     280     238     222     268     264     268     257     268
     246     273     254     258     243     219     242     272     285     258
     296     260     281     279     283     307     288     244     283     256
     271     299     253     279     271     291     275     257     273     289
     293     312     326     306     328     300     347     369     326     354
     365     357     335     340     309     322     306     302     302     293
     268     279     270     255     260     233     239     246     225     225
     241     209     219     199     238     245     216     233     209     201
     164     196     216     179     189     209     220     207     212     204
     203     220     210     199     183     225     204     199     222     210
     242     251     226     216     200     196     209     222     200     226
     250     222     210     198     242     225     233     212     255     214
     236     196     237     225     207     237     228     192     196     242
     255     231     236     217     241     244     206     239     226     225
     247     223     256     236     233     236     258     264     264     251
     242     261     260     222     224     219     210     230     257     246
     228     245     267     269     245     243     259     316     227     270
     257     289     290     313     312     323     368     347     409     456
     405     409     493     452     457     490     439     482     443     446
     426     407     423     382     390     368     360     307     314     332
     259     271     256     244     218     223     250     230     191     214
     251     182     182     205     199     182     181     203     202     190
     186     202     185     168     177     198     197     189     181     163
     184     184     161     165     191     188     180     165     160     201
     197     198     196     177     157     205     182     194     189     196
     172     209     195     196     178     194     175     226     180     203
     175     188     177     192     173     191     177     162     167     180
     222     200     172     180     205     188     189     200     197     181
     166     212     187     203     194     180     201     188     170     197
     183     209     198     189     218     215     182     204     210     226
     218     234     234     217     203     219     204     192     223     199
     215     231     198     197     226     177     199     213     220     213
     203     213     240     218     225     216     206     241     216     177
     237     252     205     240     205     228     194     230     231     233
     215     237     224     237     216     235     238     207     196     236
     221     212     239     244     232     231     240     272     225     246
     286     271     291     282     294     282     318     293     338     307
     354     296     327     360     294     346     319     332     310     319
     262     292     286     279     281     258     261     271     254     239
     235     237     224     219     209     204     208     209     201     191
     178     179     189     164     178     189     206     186     184     185
     180     177     204     200     182     180     181     168     210     186
     197     192     186     183     178     183     180     180     185     183
     192     176     194     214     172     172     164     194     196     185
     192     179     198     181     158     200     166     154     163     169
     208     168     202     177     189     158     154     163     172     162
     190     155     185     159     188     190     176     167     173     198
     181     187     173     164     177     158     178     192     159     149
     192     166     172     163     149     195     133     166     154     179
     175     167     143     144     164     182     142     192     170     160
     173     158     186     159     148     150     166     163     146     158
     165     172     149     173     176     150     161     173     164     152
     151     152     143     170     176     155     180     185     179     168
     185     169     150     188     149     168     158     178     147     149
     162     148     166     149     171     161     190     196     157     163
     166     190     168     175     165     179     170     157     183     153
     167     154     166     177     164     173     182     197     152     191
     181     183     176     160     169     202     181     191     169     168
     171     189     184     164     143     176     177     169     175     176
     150     157     170     163     170     167     169     152     161     179
     158     164     153     187     144     176     164     189     187     173
     182     158     177     155     147     185     155     171     147     151
     170     144     166     149     172     146     132     139     157     130
     150     188     157     164     134     163     147     167     164     147
     161     132     147     154     149     164     177     154     149     123
     148     117     158     143     134     176     145     143     158     164
     165     111     189     132     149     149     144     154     149     157
     140     148     144     144     154     128     131     164     159     155
     146     158     141     137     151     125     152     145     147     147
     126     144     134     129     158     143     121     162     140     144
     133     152     159     131     123     125     135     149     155     147
     152     148     133     132     130     141     123     125     153     128
     134     158     149     146     147     125     149     128     120     139
     143     149     147     137     124     143     116     134     139     152
     126     153     147     154     113     137     134     134     127     131
     136     141     120     118     141     134     147     133     154     152
     141     141     130     126     115     125     151     150     109     144
     153     147     110     123     141     140     140     127     137     137
     110     129     108     126     120     135     143     149     123     140
     136     125     132     122     131     142     139     122     149     132
     118     130     164     124     122     141     143     116     141     120
     110     127     127     118     147     141     121     123     152     139
     134     121     137     136     135     131     123     122     135     136
     141     137     117     109     128     126     121     128     123     128
     108     135     130     115     116     131     135     111     128     121
     123     126     127     146     132     129     132     127     141     139
     112     120     125     126     120     127     117     127     112     116
     129     150     118     148     108     139     133     122     113     152
     114     123     124     136     118     135     146     120     142     134
     126     146     111     143     135     111     132     112     125     114
     135     128     141     117     144     118     120     159     104     113
     106     145     121     128     126     129      91     105     131     130
     115     128     122     125     132     115     117     129     120     123
     139     113     110     114     106     112     130     123     118     131
     135     112     122     143     132     134     115     100     116     155
     126     142     121     109     128     132      95     110     116     130
     135     136     148     123     108     136     134     115     124     108
     135     102     129     125     113     109      95     117     145     132
     133     112     150     121     116     140     123     121     126     126
     126     128     133     121     121     129     133     147     139     160
     124     129     143     142     143     155     140     122     117     151
     154     133     137     141     151     133     150     145     137     134
     129     144     140     136     128     139     149     146     152     143
     168     164     189     159     165     144     152     144     169     185
     165     167     169     173     170     145     155     157     176     178
     191     207     196     212     197     175     202     214     231     238
     242     244     233     253     265     228     328     293     324     344
     296     323     300     361     349     362     378     384     442     419
     409     451     509     492     489     533     544     587     531     581
     570     648     595     655     686     632     694     644     664     691
     716     709     770     765     723     714     837     741     741     730
     823     718     726     666     719     784     717     734     671     656
     673     634     663     640     620     554     576     568     555     507
     477     517     444     474     467     425     438     389     407     404
     380     359     385     319     328     304     288     289     253     261
     228     264     257     217     223     206     220     215     210     224
     176     188     216     203     161     196     191     177     179     159
     191     187     199     183     231     232     220     213     263     268
     255     302     292     270     291     302     310     401     353     370
     349     412     457     455     427     463     462     452     463     427
     415     427     482     454     473     405     453     407     367     340
     373     347     324     301     295     286     281     262     233     227
     172     200     176     189     187     153     151     139     124     123
     130     106     128     132     131     115     111  313867
