$Informacoes da Fluorescencia de Raios-X:
"Sample    : al_31492p16lamfi",                                                           
"Operator  : ",                                                                           
"Comment  : micromatter_al 59.1 ug/cm2",                                                  
"Group     : kerr2007ab13liv300al",                                                       
"Date       : 2013-03-07 11:39:33",                                                       
"",                                                                                       
"Mesurement Condition",                                                                   
"------------------------------------------------------------------------------------",   
"Instrument : 700HS2   Atmosphere : Vac.   Collimator : 10(mm)   Spin : No",              
"------------------------------------------------------------------------------------",   
"Analyte               TG kV   uA      FI Acq.(keV)  Anal.(keV)  Time(sec)     DT(%)",    
"------------------------------------------------------------------------------------",   
"Na                    Rh 50 1000-Auto Al  0 - 20    0.8 - 1.2   Live -  179   16",       
"Channel_info_start",                                                                     
"Channel : Na",                                                                           
"Points : 2048
"Range : 0.000000 - 20.480000",                                                           
"Step : 0.010000",                                                                        
"Channel_info_end",                                                                       
$DATA:
       0    2047
       0       0       0       0       0       0       0       0       0    2048
       0       0       0       0       0       0       0       0       0       0
       0       0       0       0       0       0       0       0       0       0
       0       0       0       0       0       0       0       0       1       0
      30      67      58      57      58      50      57      62      66      55
      53      59      44      55      57      56      67      40      46      51
      52      60      69      49      66      67      65      64      60      64
      61      58      51      63      34      52      50      37      51      53
      52      38      40      48      43      57      38      58      48      58
      57      44      49      46      61      39      37      53      38      54
      40      40      65      49      37      60      40      53      53      46
      57      48      59      67      59      60      55      65      51      51
      58      58      67      48      66      60      77      80      62      83
      77      82      84      95      95     106     113     116     122     135
     134     154     160     162     202     295     406     612     850    1291
    1901    2641    3442    4438    5128    6024    6221    6779    6767    6545
    6018    5406    4345    3710    2774    1997    1414    1006     661     472
     303     236     169     140     131     113      88      80      76      83
      78      83      87      76      74      79      68      85      61      60
      55      72      75      61      65      67      74      71      79      93
     108     123     138     159     191     219     248     273     270     311
     286     317     272     256     250     214     162     142     110     103
      86      69      53      59      54      48      56      56      37      51
      36      39      37      37      44      50      34      47      52      43
      35      34      33      37      36      35      49      40      37      36
      47      49      39      44      39      36      38      33      45      40
      37      29      37      33      43      43      46      41      38      46
      46      58      46      46      55      47      43      56      51      48
      60      53      48      43      54      49      45      55      61      44
      59      43      44      41      55      43      59      57      45      62
      52      41      48      56      53      53      60      45      45      40
      55      46      40      37      50      38      48      51      54      52
      51      46      44      52      52      40      48      46      46      55
      40      51      51      57      52      48      74      66      61      69
      67      81      63      75      68      69      53      72      78      67
      84      73      58      73      77      63      87      79      92      96
     113     137     188     233     319     403     480     670     899    1163
    1412    1856    2242    2520    2997    3221    3479    3783    3654    3593
    3348    3221    2876    2506    2088    1845    1421    1153     847     696
     500     376     304     262     215     207     203     214     224     216
     224     260     283     319     335     374     457     482     532     526
     549     487     470     466     453     379     371     319     265     238
     185     165     161     143     122      97      94      88     114      95
     114      89     112      95     105     118     112     131     152     130
     137     121     145     139     137     126     142     156     116     139
     143     156     169     165     146     134     150     160     164     180
     185     203     167     193     172     166     195     193     231     177
     199     201     200     209     177     171     179     153     178     175
     163     166     164     186     162     158     177     141     143     165
     166     149     135     161     130     146     152     151     139     144
     140     146     139     119     160     154     126     130     128     148
     156     140     116     143     142     121     123     126     117     143
     160     153     144     141     152     123     145     166     157     141
     137     150     173     157     161     150     168     178     180     174
     196     193     175     192     180     204     196     208     193     199
     202     223     196     207     219     218     199     216     229     212
     203     208     201     216     214     189     208     206     197     210
     208     196     176     178     204     186     189     202     199     202
     187     216     184     194     187     217     201     223     172     212
     186     206     204     199     186     202     215     230     194     215
     208     210     204     224     212     235     212     243     229     229
     224     235     241     238     232     249     246     251     272     286
     279     244     262     256     283     290     303     319     319     310
     299     336     302     311     302     306     325     315     345     357
     366     374     366     366     403     373     376     351     387     431
     422     394     405     353     383     420     396     425     385     417
     368     358     345     339     376     347     337     336     353     357
     385     370     349     357     353     328     343     365     358     337
     366     347     371     350     351     353     333     360     341     347
     330     392     336     359     313     354     333     348     327     321
     349     317     331     309     342     340     325     315     311     339
     337     351     284     336     357     287     320     313     297     321
     301     313     303     305     335     286     298     340     313     308
     300     319     289     306     280     341     270     273     288     332
     312     331     328     354     318     320     325     315     300     304
     309     317     289     340     306     331     304     307     300     289
     298     320     274     291     309     307     329     294     320     326
     320     314     310     297     328     339     329     315     314     335
     313     318     347     326     313     329     348     377     325     338
     362     347     384     382     331     387     353     343     353     353
     396     359     355     404     368     388     396     393     411     451
     413     420     422     419     432     395     402     403     387     385
     362     369     402     370     326     368     346     389     335     377
     358     372     346     390     384     363     357     399     399     384
     390     353     398     412     416     362     391     391     356     397
     396     380     413     401     403     403     450     451     429     475
     451     458     517     540     524     525     556     564     614     623
     623     611     600     610     621     598     565     542     536     518
     471     502     477     441     430     422     383     372     357     387
     356     334     351     337     361     362     367     370     347     385
     320     339     398     364     376     334     350     338     334     313
     350     356     314     351     342     335     333     346     361     346
     364     368     357     341     338     346     386     339     353     353
     371     366     311     351     349     371     341     365     357     372
     370     325     367     327     322     351     385     374     365     364
     398     385     330     369     343     351     403     353     387     354
     340     330     350     425     362     362     374     367     337     356
     376     382     370     372     377     321     335     327     370     344
     341     356     329     349     350     353     349     317     327     332
     349     386     280     338     344     334     318     302     345     355
     310     299     358     382     306     334     377     364     353     344
     346     343     330     354     362     319     332     350     342     322
     322     339     310     317     345     355     383     323     363     325
     319     338     336     339     334     335     322     321     338     326
     286     323     339     323     323     317     354     330     298     326
     303     357     326     328     367     340     329     354     330     345
     355     362     348     353     353     347     367     357     336     325
     326     326     328     327     341     334     336     288     310     295
     359     341     288     356     309     326     374     320     311     327
     330     340     327     319     309     314     295     333     330     301
     311     311     330     341     318     357     325     329     327     319
     327     340     300     345     336     331     323     294     319     340
     301     287     307     332     312     295     342     330     343     297
     363     358     299     305     321     350     303     339     331     341
     332     294     339     320     316     323     319     334     318     318
     353     329     297     316     334     288     306     280     289     348
     344     333     313     314     325     312     341     321     359     341
     286     319     314     299     340     335     318     344     292     348
     349     299     314     315     344     349     339     322     307     297
     314     351     360     358     318     335     320     362     337     328
     354     348     346     329     323     340     306     336     337     326
     317     311     307     302     325     298     315     320     304     311
     285     298     294     316     281     283     338     328     294     302
     286     295     333     306     305     326     286     283     288     288
     284     275     311     327     320     293     302     272     284     293
     277     290     255     295     275     303     304     320     286     312
     334     286     290     299     286     307     308     345     271     284
     312     284     279     290     283     313     305     280     317     283
     318     310     273     309     319     261     286     290     289     272
     294     318     284     320     293     265     288     299     278     285
     229     287     265     328     262     263     282     285     298     293
     277     280     247     270     273     290     252     265     298     280
     284     266     294     310     282     267     276     257     286     260
     277     280     278     291     274     280     288     279     304     272
     292     276     306     285     278     274     317     259     300     266
     281     261     269     286     257     277     259     271     285     261
     289     307     260     259     282     281     271     294     254     278
     302     303     289     241     278     278     290     284     273     251
     277     250     275     238     284     267     266     282     270     261
     282     259     269     274     282     282     245     265     279     235
     279     309     279     276     279     282     249     263     235     256
     273     276     282     257     269     282     264     266     284     291
     274     239     270     273     235     246     280     273     267     271
     267     259     263     254     257     275     248     276     259     248
     250     248     279     267     239     273     257     262     244     254
     247     245     263     286     261     258     246     288     253     251
     247     256     272     250     246     237     224     277     232     250
     266     248     253     225     262     243     236     231     209     261
     238     274     258     248     255     238     286     247     260     270
     249     233     233     207     275     252     234     216     252     248
     232     263     228     207     230     225     242     224     264     243
     272     245     236     225     249     221     229     243     258     251
     255     207     212     248     237     270     254     238     258     246
     246     232     247     225     232     265     239     261     249     237
     233     242     249     255     242     221     260     250     230     229
     253     230     216     244     227     222     252     233     260     246
     239     218     230     218     213     232     237     236     235     231
     217     235     245     231     284     215     234     250     248     223
     229     220     271     234     235     218     221     227     217     228
     248     208     213     207     273     209     221     245     274     232
     182     201     227     247     235     213     232     244     234     232
     233     237     226     225     245     203     238     224     219     227
     233     231     248     246     206     230     233     217     221     228
     259     223     226     214     223     230     216     203     205     227
     217     242     202     225     231     235     227     231     232     230
     267     223     217     215     230     222     237     213     220     204
     222     221     246     222     201     236     206     209     206     222
     218     202     191     196     215     214     213     210     215     215
     217     234     227     204     216     218     189     212     203     238
     188     220     199     209     221     199     226     214     214     228
     210     214     248     204     204     210     210     201     235     225
     197     221     190     220     205     204     197     207     245     224
     209     223     196     202     218     199     231     216     216     190
     243     236     219     198     204     175     206     198     230     235
     226     224     233     227     206     210     208     196     215     167
     225     220     197     220     234     216     224     202     220     213
     198     208     225     213     220     208     222     199     227     207
     245     231     210     196     225     204     171     226     224     209
     202     195     213     195     184     223     199     235     208     215
     230     224     189     213     234     246     233     205     220     233
     195     189     244     205     225     216     223     223     226     228
     255     231     221     227     238     233     224     261     239     267
     222     222     227     216     244     238     254     229     236     226
     243     251     248     232     265     262     248     271     273     249
     246     250     273     263     274     247     264     302     258     272
     283     289     303     274     285     267     265     281     287     285
     275     311     331     340     329     353     348     359     322     394
     388     372     396     390     430     392     390     393     422     461
     475     467     503     494     514     480     590     569     572     608
     678     635     722     682     750     754     768     735     918     870
     924     960    1042     992    1043    1050    1123    1120    1145    1177
    1317    1245    1216    1253    1408    1353    1397    1386    1433    1441
    1438    1430    1608    1498    1538    1476    1639    1608    1550    1433
    1692    1527    1544    1497    1456    1467    1383    1399    1487    1375
    1359    1284    1297    1262    1208    1189    1160    1131    1108    1055
    1121     951     941     929     942     868     844     843     815     726
     702     652     716     655     563     623     612     583     563     503
     515     449     475     402     430     469     419     394     391     367
     386     392     364     366     323     308     387     320     332     353
     329     297     334     322     383     351     393     377     419     400
     382     424     432     454     494     484     553     478     503     563
     543     548     611     603     572     615     604     636     660     600
     534     607     626     585     577     496     554     506     474     443
     467     434     431     383     365     349     279     327     315     273
     260     252     253     251     254     232     224     217     199     203
     196     200     193     220     188     184     204  104493
