$Informacoes da Fluorescencia de Raios-X:
"Sample    : baf2_31515",                                                                 
"Operator  : ",                                                                           
"Comment  : micromatter baf2 47.3ug/cm2",                                                 
"Group     : kerr2007ab13liv300al",                                                       
"Date       : 2013-03-07 15:23:53",                                                       
"",                                                                                       
"Mesurement Condition",                                                                   
"------------------------------------------------------------------------------------",   
"Instrument : 700HS2   Atmosphere : Vac.   Collimator : 10(mm)   Spin : No",              
"------------------------------------------------------------------------------------",   
"Analyte               TG kV   uA      FI Acq.(keV)  Anal.(keV)  Time(sec)     DT(%)",    
"------------------------------------------------------------------------------------",   
"Na                    Rh 50  530-Auto Al  0 - 20    0.8 - 1.2   Live -  179   21",       
"Channel_info_start",                                                                     
"Channel : Na",                                                                           
"Points : 2048
"Range : 0.000000 - 20.480000",                                                           
"Step : 0.010000",                                                                        
"Channel_info_end",                                                                       
$DATA:
       0    2047
       0       0       0       0       0       0       0       0       0    2048
       0       0       0       0       0       0       0       0       0       0
       0       0       0       0       0       0       0       0       0       0
       0       0       0       0       0       0       0       0       1       2
      33      54      52      41      47      48      44      53      36      66
      35      34      35      37      41      36      32      58      32      43
      39      38      54      38      36      28      51      37      37      43
      46      45      38      43      36      36      43      38      38      41
      41      38      54      51      49      54      70      56      73      94
      67      70      76      78      66      67      80      65      53      52
      44      52      68      72      63      77      83      89      66      79
      62      80      75      83      86      85      85      77      68      86
      74      74      64      58      47      63      68      51      54      37
      34      43      47      41      52      44      51      52      50      42
      38      47      52      41      49      49      50      58      45      46
      45      44      45      69      52      44      57      58      59      65
      59      53      49      39      54      47      38      41      47      34
      58      47      45      44      60      50      44      69      68      74
      73      65      76      75      54      63      65      57      60      57
      64      64      64      63      58      70      65      66      79      83
      89      89     120     128     120     126     181     172     180     177
     193     205     190     163     139     128     120      82      66      95
      68      64      69      51      73      52      50      63      54      52
      63      46      59      60      65      53      50      61      62      61
      48      56      43      58      41      46      39      46      42      37
      47      43      41      38      52      46      48      48      47      41
      50      37      80      52      70      60      60      70      91      63
      84     123     101     105     148     165     162     179     213     206
     201     222     232     200     189     184     147     130     121     131
      89      62      78      66      66      70      69      76      60      56
      67      52      56      66      63      77      82      74      69      83
      94     117     106     111     134     131     129     136     164     138
     140     148     138     121     114     110     118      93      86      86
      76      76      72      77      82      90      68      59      63      83
      69      69      74      73      76      76      82      80      83      70
      68      91     107      82      96     115      80      84      99      98
     116     131     145     176     170     251     322     390     472     648
     826     989    1177    1420    1659    1842    1871    2059    2009    2048
    1863    1778    1547    1404    1174    1010     794     635     510     412
     365     337     292     334     320     378     468     505     581     713
     720     946     944    1081    1084    1172    1120    1137    1097    1057
     836     839     680     708     565     519     440     402     349     317
     278     269     208     228     248     254     249     258     226     274
     276     302     386     393     423     485     556     622     720     973
    1204    1600    2177    2832    3532    4720    6309    8044    9441   11583
   13403   15729   17056   18658   19698   20277   19916   19880   18771   17001
   14568   12672   10918    8755    7135    5506    4148    3067    2221    1659
    1184     885     713     621     601     637     691     896    1125    1514
    1968    2747    3514    4547    5427    6680    8028    9216    9968   10992
   12385   12751   12561   12571   12448   12147   10973   10515    9468    8691
    7543    6794    5890    5142    4355    3728    3218    2709    2269    1983
    1682    1596    1437    1306    1445    1500    1590    1878    2168    2410
    2658    3027    3062    3209    3235    3258    3233    3062    2808    2702
    2312    2079    1757    1508    1238    1009     771     614     549     437
     353     284     307     296     279     289     323     337     368     448
     481     601     675     826     979    1081    1250    1378    1578    1635
    1746    1833    1807    1800    1647    1610    1480    1367    1176    1100
     922     849     722     624     530     464     445     469     512     572
     624     664     754     834     817     996     972     979    1045     981
     970    1045     890     835     792     683     650     538     511     462
     429     373     401     322     329     334     321     294     321     267
     266     254     234     234     251     197     219     191     173     184
     155     179     158     179     162     177     168     184     172     153
     170     189     177     177     181     195     194     186     215     177
     170     220     208     244     208     238     235     212     249     227
     251     210     212     191     212     213     215     206     203     226
     219     171     218     191     208     209     218     178     231     208
     209     206     201     195     207     205     201     202     171     178
     216     231     173     233     191     219     192     174     161     196
     171     193     172     162     174     180     179     181     184     157
     186     163     162     187     195     188     179     180     175     167
     204     165     191     187     194     193     181     173     194     184
     171     206     219     204     170     186     183     209     212     229
     231     213     199     184     222     218     213     204     213     227
     220     249     206     206     206     206     220     236     221     212
     211     218     229     222     229     231     208     221     249     235
     224     241     219     251     213     229     234     221     202     229
     216     222     250     223     226     219     215     216     249     226
     216     238     240     217     201     242     224     237     237     254
     247     209     249     251     267     223     234     223     258     231
     260     264     253     258     267     281     274     252     280     311
     286     307     330     291     328     292     312     330     290     253
     292     305     292     311     286     278     281     270     249     245
     238     269     205     239     270     233     243     234     220     232
     199     217     252     208     225     213     216     252     184     228
     223     210     226     201     209     211     239     232     233     262
     238     248     220     266     290     272     257     329     254     270
     305     291     297     307     310     284     271     278     284     267
     271     255     245     223     233     215     199     242     234     222
     234     217     209     232     232     240     236     222     239     249
     239     211     252     250     273     259     255     243     202     227
     222     249     197     233     211     250     236     231     231     234
     221     209     194     222     227     250     221     264     247     247
     256     254     266     272     266     263     271     265     234     260
     250     220     240     252     264     248     252     229     282     284
     245     241     235     272     237     273     231     272     248     229
     245     255     258     252     265     252     228     245     243     269
     275     243     225     228     289     254     272     236     229     238
     237     219     212     215     224     235     227     249     228     216
     231     231     255     208     212     239     221     183     241     215
     216     203     222     233     171     231     213     210     229     202
     223     179     183     179     212     220     205     207     210     200
     161     203     202     195     189     200     207     205     192     190
     188     174     201     176     211     211     192     239     213     222
     207     223     212     187     176     199     216     233     210     223
     207     199     205     219     242     207     193     188     224     224
     203     193     208     213     223     229     204     211     221     191
     201     250     196     216     221     191     215     197     240     207
     194     211     212     215     184     196     191     206     191     192
     233     207     196     205     222     207     210     213     216     221
     183     237     217     189     189     196     211     194     193     202
     191     194     200     206     219     217     193     220     197     216
     209     204     225     189     185     210     195     180     204     209
     206     213     190     192     227     204     190     224     204     197
     212     208     204     218     169     179     216     180     204     196
     190     209     186     208     203     211     184     185     192     219
     196     202     206     185     175     191     191     223     176     218
     201     208     229     188     199     174     201     221     175     187
     176     193     206     179     173     189     206     218     196     211
     205     201     164     195     203     190     178     193     193     161
     208     208     167     175     169     206     185     171     175     169
     205     190     204     193     179     165     185     178     186     165
     179     171     167     175     188     191     189     194     177     185
     185     193     205     162     162     200     175     177     156     191
     181     192     155     153     189     193     204     180     183     177
     208     171     174     171     170     219     162     164     184     204
     167     187     179     180     159     213     168     161     169     186
     199     189     222     180     183     173     192     179     170     194
     194     176     190     178     173     176     192     172     186     183
     185     191     165     157     185     184     209     170     204     170
     181     183     193     187     187     203     169     183     178     179
     177     178     148     176     201     184     155     190     180     167
     188     164     186     175     157     162     168     181     175     180
     197     170     186     192     186     176     177     177     185     179
     157     191     179     187     165     170     191     155     161     165
     147     155     161     187     173     163     154     174     171     165
     141     185     145     158     168     188     171     156     184     161
     163     153     149     174     191     185     142     151     162     155
     143     187     162     152     186     156     146     171     170     186
     190     149     164     160     170     154     174     147     179     174
     156     173     158     160     172     151     177     157     199     202
     187     151     160     196     192     176     160     161     177     183
     187     148     155     176     187     176     176     160     209     177
     155     172     167     185     164     156     174     144     158     156
     161     136     176     163     155     137     142     144     156     173
     151     137     160     162     160     136     144     154     141     159
     163     165     139     144     145     145     163     162     151     138
     144     154     156     139     163     140     169     144     153     159
     130     148     188     161     141     152     137     144     126     159
     165     153     129     134     168     134     155     157     145     156
     152     153     141     144     145     144     133     129     171     161
     129     137     168     162     158     137     125     152     127     140
     139     124     123     168     121     145     141     137     157     157
     165     137     146     139     158     138     139     147     153     156
     138     145     153     145     123     122     145     163     145     129
     142     143     145     133     137     154     123     147     120     127
     140     155     149     128     155     139     137     141     121     157
     136     149     140     162     126     123     133     143     142     118
     124     138     112     127     134     134     128     140     125     142
     157     130     144     142     121     145     147     130     130     145
     155     130     131     136     130     124     129     141     123     145
     156     134     145     159     155     116     109     146     138     139
     132     120     136     123     106     122     134     117     131     128
     154     131     129     109     138     144     122     147     132      98
     137     120     125     144     134     127     115     139     143     143
     116     133     116     122     128     120     142     143     136     116
     104     101     133     121     124     137     132     120     146     110
     126     122     122     133     134     118     118     124     130     126
     136     118     148     125     104     127     141     109     115     132
     118     123     112     122     117     142     127     129     106     124
     130     110     120     106     128     116     141     126     124     128
     136     105     125     117     115     133     110     114     123     144
     127     142     137     124     126     107     143     111     118     114
     127     123     124     106     122     124     110     121     143     115
     121     114     128     126     108     121     121     131     114     136
     111     132     124     114     124     117     107     120     131     123
     127     143     132     123     125     129      91     116     117     117
     109     112     108     122     137     140     115     123     143     145
     131     105     139     123     131     114     112     134     141     136
     127     132     106     128     140     136     122     143     116     120
     125     105     134     122     108     141     128     123     124     122
     133     118     141     138     134     118     142     145     136     152
     110     125     129     153     131     133     136     139     125     145
     142     156     147     128     140     159     128     121     137     160
     128     143     142     132     131     149     141     171     153     139
     154     154     143     146     161     165     162     148     162     163
     140     147     161     164     164     178     180     179     176     172
     212     197     179     203     223     211     215     224     216     228
     225     228     256     262     254     290     300     295     301     339
     310     349     384     366     418     391     417     394     487     437
     411     464     512     552     519     584     579     567     606     613
     651     650     700     665     710     694     691     718     803     825
     777     679     792     776     781     813     843     790     781     762
     848     765     776     735     710     757     765     711     751     690
     732     736     691     640     579     646     637     585     551     567
     516     539     496     455     470     502     466     394     387     378
     366     361     375     354     313     347     324     300     280     260
     265     241     222     212     248     220     228     209     238     178
     205     178     222     175     181     140     202     165     187     174
     218     201     225     206     234     226     274     266     282     308
     264     342     365     352     373     373     435     424     421     452
     459     507     460     511     497     506     522     512     496     488
     447     494     469     496     421     395     468     400     377     405
     367     327     286     297     264     269     244     228     231     194
     177     177     152     155     132     138     142     130     111     128
     108     121     106     115     123      99     120   77291
