$Informacoes da Fluorescencia de Raios-X:
"Sample    : baf2_34699_16p",                                                             
"Operator  : ",                                                                           
"Comment  : cubatao-g-policarbonato",                                                     
"Group     : kerr2007ab13liv300al",                                                       
"Date       : 2013-03-06 20:44:45",                                                       
"",                                                                                       
"Mesurement Condition",                                                                   
"------------------------------------------------------------------------------------",   
"Instrument : 700HS2   Atmosphere : Vac.   Collimator : 10(mm)   Spin : No",              
"------------------------------------------------------------------------------------",   
"Analyte               TG kV   uA      FI Acq.(keV)  Anal.(keV)  Time(sec)     DT(%)",    
"------------------------------------------------------------------------------------",   
"Na                    Rh 50  436-Auto Al  0 - 20    0.8 - 1.2   Live -  179   19",       
"Channel_info_start",                                                                     
"Channel : Na",                                                                           
"Points : 2048
"Range : 0.000000 - 20.480000",                                                           
"Step : 0.010000",                                                                        
"Channel_info_end",                                                                       
$DATA:
       0    2047
       0       0       0       0       0       0       0       0       0    2048
       0       0       0       0       0       0       0       0       0       0
       0       0       0       0       0       0       0       0       0       0
       0       0       0       0       0       0       0       0       0       3
      21      49      45      36      42      51      47      39      30      35
      25      39      38      42      29      53      35      35      37      51
      38      38      42      53      27      45      47      31      36      42
      31      35      35      39      42      40      41      36      55      49
      40      35      45      55      41      55      51      66      67      75
      71      75      42      56      50      54      47      53      50      49
      49      42      56      53      55      60      57      80      64      71
      82      74      84      94      91      68      74      69      64      54
      68      69      59      44      56      45      47      35      49      31
      39      45      51      52      49      54      44      37      52      47
      49      45      38      41      45      36      34      41      25      38
      56      45      48      51      44      48      48      57      52      53
      49      38      50      52      53      48      39      38      41      50
      41      48      51      48      41      43      61      43      51      64
      56      53      72      63      70      62      75      60      61      60
      59      59      51      56      52      53      54      74      59      64
      59      88      79     108      93     121     146     184     132     162
     179     170     168     143     123     112      89      88      54      74
      58      59      44      44      52      53      41      48      51      57
      48      43      48      53      49      51      50      51      51      55
      42      42      58      49      49      31      47      50      49      51
      33      42      51      48      40      52      50      42      41      39
      48      41      58      42      53      42      42      74      73      54
      78      76      66     137     116     135     163     167     179     193
     195     190     190     188     163     151     129     127     114     105
      91      60      67      62      60      68      71      50      50      68
      45      57      68      60      61      66      61      73      74      75
      77      96      76     104      97     126     131     137     128     145
     113     118     122     114     111     110      85      80      86      90
      76      72      58      79      53      72      61      70      71      59
      76      70      53      64      58      73      77      72     103      96
     103      82      89      98      76      80      85      95      86      90
      95     114     142     136     178     225     232     331     416     509
     609     814     934    1098    1331    1508    1513    1672    1659    1602
    1580    1509    1308    1157     922     843     659     551     404     361
     324     322     268     285     325     364     404     521     580     659
     752     867     867     959     946    1034    1038    1047     957     979
     799     754     687     638     523     481     419     363     327     276
     271     227     244     256     232     222     204     269     247     241
     263     269     290     383     363     441     517     615     774     889
    1122    1547    1848    2611    3253    4395    5881    7299    8946   10985
   12961   14902   16156   17995   19100   19758   19033   19105   17936   16603
   14200   12579   10609    8837    6805    5520    4083    2927    2098    1545
    1204     880     709     579     552     572     626     751    1051    1420
    1858    2451    3200    4161    5014    6017    7307    8668    9602   10452
   11636   12171   12132   12316   12301   11624   10471   10238    9316    8485
    7257    6480    5728    4976    4212    3631    3147    2625    2124    1807
    1572    1364    1332    1271    1311    1424    1552    1740    1974    2251
    2525    2865    2912    3151    3251    3279    3073    3136    2721    2730
    2243    2052    1646    1413    1178     960     722     656     546     438
     371     280     288     263     242     254     244     300     330     414
     477     502     601     759     905    1032    1227    1289    1467    1564
    1602    1771    1672    1740    1551    1620    1505    1285    1145    1056
     899     793     672     577     509     482     435     454     501     481
     538     620     663     791     826     909     909     935    1022     974
     999     924     850     801     762     750     607     539     462     451
     395     365     371     315     301     330     300     272     285     274
     250     236     203     217     204     196     172     156     196     166
     142     155     150     133     149     158     155     160     137     140
     162     151     158     151     151     150     158     154     172     165
     169     192     198     191     187     184     181     196     153     195
     208     181     215     171     204     223     193     186     188     207
     183     165     172     189     186     174     182     168     187     182
     188     185     180     216     163     173     147     145     158     182
     154     185     179     163     153     165     161     135     155     163
     147     174     145     168     135     156     145     147     143     140
     164     158     146     172     135     144     160     150     162     137
     148     164     136     153     166     149     154     152     174     164
     162     170     142     153     151     153     168     153     159     167
     151     213     147     189     185     174     159     185     168     183
     204     209     186     164     162     177     200     199     164     206
     168     176     166     207     197     205     172     198     195     183
     208     188     185     210     173     171     188     181     183     203
     221     210     201     159     220     193     188     188     210     214
     217     197     185     207     193     191     182     177     218     181
     199     190     190     240     206     204     189     214     203     207
     203     222     223     236     206     237     265     236     257     268
     275     288     218     256     259     287     253     291     283     301
     270     271     257     270     254     285     260     269     228     232
     190     209     217     183     199     205     180     211     185     188
     170     204     205     191     190     185     185     182     163     197
     204     207     168     187     189     169     193     180     217     204
     200     204     215     208     239     252     235     243     257     244
     209     250     234     264     247     230     251     230     232     229
     225     217     218     186     197     205     181     184     221     181
     206     198     200     211     192     190     182     200     209     233
     188     205     224     241     207     206     235     233     205     205
     206     195     199     207     202     201     185     214     215     189
     187     202     191     200     192     200     184     213     235     196
     221     218     204     205     218     253     204     220     253     241
     201     237     237     239     251     250     252     251     221     204
     233     237     205     208     235     224     199     226     227     197
     228     215     206     219     207     222     228     229     225     221
     242     225     203     229     215     195     188     248     201     200
     202     223     211     198     195     203     211     192     184     177
     190     190     186     165     202     193     186     165     189     172
     174     178     180     193     179     161     170     207     169     171
     181     198     166     173     182     203     154     205     185     178
     174     172     148     183     198     182     177     187     173     177
     153     181     155     193     184     188     154     179     178     196
     166     156     165     176     182     165     189     174     209     165
     179     174     150     174     160     172     174     196     152     171
     191     161     163     169     176     149     171     209     159     176
     184     215     178     191     200     176     181     159     183     181
     173     160     170     190     174     174     183     155     188     179
     166     171     179     158     165     184     183     195     177     189
     162     180     170     180     160     168     166     190     168     172
     181     152     174     176     180     201     200     177     177     170
     151     176     181     183     179     165     167     173     182     156
     185     173     160     165     205     162     156     187     134     173
     177     178     196     181     178     154     174     146     171     152
     152     168     196     168     170     171     176     179     192     174
     159     159     156     176     154     165     162     199     171     176
     182     171     162     170     169     166     164     163     147     205
     179     188     184     125     177     156     162     170     159     154
     167     172     144     184     178     150     161     151     151     167
     141     154     188     161     171     163     148     152     149     162
     176     162     139     139     145     136     163     164     163     164
     155     170     151     153     162     144     155     177     166     143
     143     163     131     154     162     164     154     155     156     154
     144     158     143     144     148     159     153     158     187     132
     154     164     176     122     141     169     162     147     160     142
     162     172     137     174     147     150     141     162     151     179
     149     147     160     146     163     141     153     151     155     178
     137     159     156     164     156     141     170     156     147     151
     150     148     153     163     159     160     174     162     139     152
     190     158     144     173     189     153     144     150     140     139
     135     146     139     162     144     148     143     152     152     125
     142     156     153     141     143     140     156     116     143     143
     136     147     124     150     137     149     148     147     132     145
     134     151     145     143     127     146     135     142     135     124
     130     147     179     150     140     142     127     144     139     154
     137     137     161     141     149     137     155     154     123     155
     143     139     134     151     147     144     142     131     135     147
     128     123     166     148     130     153     171     130     132     131
     128     151     141     136     135     130     132     121     146     131
     134     149     126     142     113     160     146     153     164     154
     169     132     132     147     167     170     172     177     209     178
     181     173     167     146     130     153     165     163     167     148
     152     132     156     140     159     137     158     131     152     148
     118     122     165     147     122     142     136     122     110     117
     129     113     150     132     135     132     118     128     129     122
     139     129     125     141     128     107     154     133     128     140
     111     136     118     136     122     127     117     128     129     134
     119     121     128     129     117     114     142     102     132     123
     123     115     141     112     119     133     142     131     131     119
     131     146     122      95     127     127     119     115     129     125
     134     105     126     131     133     137     118     126     126     113
     105     132     122     127     132      98     119     104     134     115
     121     119      93     102     116      99     119     105     124     110
     112     106     105     117     107      92     142     140     102     103
     129     136     127     131     130     113     128     133     118     116
     136     111     110     126     104     117     129     103     107     128
     133     112     118     113     121     129     124     115     105     126
      98     142     122     107     119     113     124     104     115      99
     145     110     102     125     117     109     137     125     129     100
     109     119     119     112     113     135     134     112     119     113
     131     116     108     106     109      85     102     104     125     119
     110      92     115     115     127     114     115     118     112     108
     109     115     109     102     109     108     112      92      92     103
     100      98     113     118     110     105     104      93     104     112
     102     103     106     106     113     118     104     111      95     100
      90      93      97     107      94      99     119     110      95     103
     114      93     105      93     113      95      92     105     110      93
     118      88     123      96     110      97     109     115     108     104
     106     105     116     106     104     115     109     112     103     109
     104     104     112     102      93      99     117      85      94      89
     100     100      96      93     107     113     105      93     114     106
      90     102      85     121      81     122      96      96      99      97
     100     110      90      97     111      97     114     106     131     130
     113      81     113     113     110     114     102     105     109      93
     117      79     112     103     109      96     109     112     121     113
      98     103      89     111     102     100      95      96     117      91
     106     107     103      87      94     124      94     100     122     100
     129     117     116     110     100     105     114     108     106      82
     104     105     105     106      90     115     111      98     103     103
      94      77     133     118     100      92     126     130     103      98
     109     107     100     109     106     110     103      86     115     114
     118     113      95      90     114      98     150     103     133     128
     128     117     118     140     135     109     122     102     110     122
     111     144     118     127     117     131     108     123     131     114
     119     114     130     126     125     117     143     144     132     152
     133     137     132     161     121     146     160     167     136     139
     151     156     158     161     202     178     190     187     197     181
     190     202     224     223     218     211     222     242     254     257
     310     294     291     289     289     330     327     303     380     363
     322     358     406     430     458     481     472     478     532     512
     514     520     538     537     590     614     568     597     579     596
     596     623     647     626     605     628     699     669     637     573
     706     621     680     631     648     649     589     541     595     634
     561     533     566     515     498     500     505     523     429     412
     492     419     401     397     414     429     365     362     377     307
     282     316     282     334     264     271     236     234     245     248
     229     190     233     197     210     192     188     187     173     144
     169     144     167     171     179     173     148     183     163     172
     182     168     187     164     188     197     178     234     230     254
     254     274     289     289     346     335     359     391     385     372
     425     403     421     404     460     457     411     403     490     438
     447     429     435     377     359     356     375     359     345     344
     300     280     256     244     253     221     198     188     181     165
     143     145     128     123     117      98     106      90      96     107
     125      94      93      87     103      84      91   65845
