$Informacoes da Fluorescencia de Raios-X:
"Sample    : bi_34716_16p",                                                               
"Operator  : ",                                                                           
"Comment  : micromatter bi 47.5ug/cm2",                                                   
"Group     : kerr2007ab13liv300al",                                                       
"Date       : 2013-03-06 22:08:39",                                                       
"",                                                                                       
"Mesurement Condition",                                                                   
"------------------------------------------------------------------------------------",   
"Instrument : 700HS2   Atmosphere : Vac.   Collimator : 10(mm)   Spin : No",              
"------------------------------------------------------------------------------------",   
"Analyte               TG kV   uA      FI Acq.(keV)  Anal.(keV)  Time(sec)     DT(%)",    
"------------------------------------------------------------------------------------",   
"Na                    Rh 50  237-Auto Al  0 - 20    0.8 - 1.2   Live -  180   21",       
"Channel_info_start",                                                                     
"Channel : Na",                                                                           
"Points : 2048
"Range : 0.000000 - 20.480000",                                                           
"Step : 0.010000",                                                                        
"Channel_info_end",                                                                       
$DATA:
       0    2047
       0       0       0       0       0       0       0       0       0    2048
       0       0       0       0       0       0       0       0       0       0
       0       0       0       0       0       0       0       0       0       0
       0       0       0       0       0       0       0       0       0       4
      20      34      34      37      37      37      36      33      31      46
      34      34      37      33      40      48      39      37      31      39
      61      39      43      51      58      60      28      39      50      52
      60      78     101     107      98     125     135     141     137     124
     150     148     124     120     108     103     131     111     106     120
      72      80      71      73      58      55      53      62      32      57
      58      43      39      38      46      52      51      69      65      65
      61      66      44      57      47      45      74      35      37      43
      53      46      39      38      39      37      40      38      36      35
      39      44      38      34      38      40      43      51      44      41
      47      50      37      38      43      45      40      33      34      45
      56      40      36      51      45      55      52      45      39      40
      44      52      54      40      48      47      45      54      46      55
      47      77      53      65      67      54      57      77      69      73
      71      65      60      63      81      65      74      99      98     121
     157     173     202     240     285     369     375     390     426     467
     461     419     401     353     345     311     310     285     268     273
     278     241     218     210     191     210     199     215     194     173
     163     196     206     223     197     230     298     259     307     292
     360     329     351     391     376     384     362     428     447     523
     595     717     927    1277    1622    2100    2734    3405    3847    4686
    5063    5611    5842    6182    5941    6149    5733    5764    5398    5373
    5013    4906    4712    4507    3921    3816    3005    2669    2203    1903
    1467    1199     922     797     582     510     498     505     491     569
     598     644     594     656     613     623     625     559     437     427
     349     292     211     194     158     140     108      87      80      86
      84      94      92      86      88     104     114     132     101     107
     117     109     107      85      98      72      99     101      99     136
     125     147     162     156     179     192     222     240     232     251
     247     271     250     248     244     237     200     184     181     169
     113     115     109     105      90      81      73      55      56      31
      43      35      22      46      34      27      37      43      39      35
      43      44      63      62      97     119     112     172     199     281
     344     441     513     569     692     806     774     890     814     896
     813     759     704     588     541     387     335     275     231     166
     151     119      97     108      68      89      80      72      85      87
      98      91      94      95      97     117     112     121     146     156
     129     137     124     119     104     102      80      75      71      70
      50      53      40      47      32      37      36      32      19      29
      36      26      39      27      27      31      29      21      28      29
      30      26      49      43      38      36      43      46      37      48
      31      50      39      51      44      38      68      43      60      46
      43      57      57      47      50      63      54      37      51      51
      54      63      48      48      56      47      44      52      47      58
      37      65      55      50      56      44      51      57      40      44
      50      49      66      47      48      48      45      61      48      49
      43      44      56      54      43      63      43      46      54      57
      35      53      51      54      56      43      56      54      44      45
      60      54      44      65      47      52      56      53      54      37
      56      61      48      44      63      60      54      62      63      51
      73      58      50      65      43      48      52      41      63      54
      60      74      48      61      65      67      61      60      68      67
      62      79      83      92      69      96     122     107      88     108
     121     117     142     130     134     124     122     146     138     164
     130     139     135     141     133     132     126     124     109     102
     112     105      88     116      83      82      77     105     105     102
      80      81      65      98      94      81      90     101      83      75
      78      87      80      65      82      77      81      77      74      86
      65      80      95      99      71      94      70      72      79      91
      69      91      95      81      79      73     102      82      91      98
      89      85      78      90     102      87      94      94      89     120
      92      82     115     104     109      84      82      92     115     103
      99     100      92     106      85     116      96      92      91      87
      89      90      83      97     103     102      82     122     106      97
      82     108     106     114      98      95      87      98      95     113
     109      97     125     121     114     115      94     131     106     125
     115     119      98      98      91      88     105      99     106     124
      94      99      94     113     125     124     105     116     108     111
     101     107     113      98      88      92     102      96     106     130
     111     103      97     104     125     108      91     103     113      91
     102     106     126     115      92     105     121     117     120     117
     113     114     128     120     138     103     118     132     115     155
     130     147     122     147     108     126     131     124     122     121
     124     140     138     149     125     143     131     123     158     113
     122     125     136     159     118     130     135     135     123     124
     100     121     111     133     122      95     118     119     128     121
     111     134     129     151     126     150     160     158     155     129
     155     165     151     126     152     140     155     153     134     148
     120     120     133     126     129     114     123     119      94     130
     126     128     123     107     105     113     118     125      95     131
     112     133     112     125     114     122     141     121     124     119
     120     120     119     136     111     117     139     129     129     140
     128     139     142     162     164     159     184     183     186     149
     198     208     192     171     185     186     200     193     177     185
     157     164     139     158     147     147     164     148     166     140
     147     171     120     182     147     192     140     154     163     171
     170     152     152     156     169     191     186     174     138     147
     154     170     169     143     152     179     160     176     171     189
     152     172     163     153     165     131     177     177     180     180
     185     222     225     244     267     308     327     363     407     490
     563     613     631     709     704     797     893     933     971     967
     970     966     978     975     947     882     816     719     700     677
     572     530     427     436     392     350     282     274     265     218
     208     216     149     159     172     193     166     150     151     149
     154     151     166     129     137     129     115     152     125     132
     128     130     122     118     124     129     124     132     123     119
     113     105     139     126     111     124     137     104     116     105
     119     106     103     120     131     136     108     146     131     143
     124     123     120     121      89     131     114     153     132     137
     148     116     118     171     113     163     123     137     151     159
     135     148     131     162     159     115     139     145     155     137
     155     171     136     185     169     184     166     203     226     222
     265     326     357     373     485     582     653     812     903    1179
    1450    1750    2031    2369    2870    3416    3810    4446    5245    6069
    6851    7938    8858    9722   10321   11350   12360   13070   13073   13805
   14146   14525   13750   14032   13887   13264   12333   12184   10822   10155
    8798    8222    7146    6353    5313    4646    3930    3284    2530    2125
    1762    1448    1136     936     790     655     489     425     328     324
     245     249     237     236     186     199     173     162     183     175
     175     164     164     148     187     165     159     152     165     163
     151     158     138     149     142     136     167     174     145     158
     177     150     152     120     153     167     142     147     150     158
     156     168     191     188     206     177     223     220     249     256
     257     275     271     308     309     320     345     312     350     308
     333     303     344     326     271     275     276     256     227     217
     222     214     167     209     167     182     149     143     149     124
     124     125     124     116     131     122     131     109     121     120
     122     132     112     121     130     147     126     115     122     121
      91     113     122     105     121     126     133     109     121     135
     130     134     119     121     142     142     146     155     167     193
     175     185     191     206     225     231     220     309     279     308
     305     315     319     340     335     359     361     406     463     426
     383     479     506     442     471     535     598     561     565     599
     631     664     697     639     734     762     708     674     764     761
     745     768     796     861     891     964    1141    1332    1425    1569
    1981    2144    2491    2830    3361    3782    4214    4880    5225    6029
    6388    6939    7648    8165    8296    9270    9155    9579    9658    9493
    9470    9332    8979    8833    8506    7918    7250    6638    6424    6005
    5234    4796    4351    3851    3303    2914    2666    2445    2061    1925
    1663    1507    1293    1151    1139    1007     926     897     814     836
     777     772     668     718     643     627     627     629     605     546
     545     509     546     447     437     437     406     377     359     329
     289     279     277     231     245     219     183     182     166     153
     145     150     153     132     154     156     147     125     115     139
     140     137     124     131     149     119     117     147     122     139
     153     124     125     125     106     120     109     108     117      98
      92     105      95      99      82      92     113     106      90      84
      84     112     102     100      83      89      75      89      95      96
      74      75      87      96      85      87      97      88      87      74
      96     103      75      84      87     103      89      83      91      78
      74      84      88     105      75      87      99      73      83      94
      91      79     105      79      74      72      77      89      77     118
      81      95     104      73     106     118      87     100      94     118
     114      98     109     104     131     137     112     103     132     134
     146     125     154     125     120     145     142     137     116     148
     128     133     125     115     133     111     130     124     106      99
     123     125     107     156     143     147     170     174     211     204
     257     272     308     351     461     477     501     562     683     750
     758     901    1006     997    1080    1201    1204    1298    1348    1340
    1396    1391    1397    1393    1507    1406    1350    1186    1261    1155
    1060     953     904     892     749     681     726     619     549     514
     423     404     376     374     357     390     363     355     339     303
     375     353     390     356     394     433     433     420     435     421
     539     479     457     472     467     518     518     440     475     419
     450     433     433     401     331     350     343     326     307     264
     213     241     207     204     170     182     136     135     152     109
     119      90     108      98      83     102      82      74      69      74
     113      88     100      78      84      73      97      91      90     107
     100     106      89      92      87     116     117     104     113     116
     130     116     111      97     105     129     119     120     125     138
     113     115     128     117     125     101     105      99      84      96
      91      82      82      68      75      96      72      66      77      70
      79      63      77      82      83      77      66      77      68      72
      65      51      63      53      54      60      55      70      68      78
      65      65      63      70      58      57      77      78      66      70
      67      62      67      65      71      75      77      70      71      64
      60      50      71      73      72      55      73      72      58      64
      67      65      60      55      71      68      74      64      61      48
      69      62      68      52      60      61      61      50      64      56
      64      71      61      58      52      52      78      66      69      64
      61      77      63      66      64      63      78      65      51      72
      64      61      66      52      74      62      69      58      44      57
      69      65      68      65      57      67      50      54      44      54
      58      70      63      68      56      56      68      63      69      58
      73      55      62      70      54      48      85      74      54      62
      71      57      63      68      70      63      66      70      61      69
      63      50      84      63      66      53      73      67      65      67
      70      60      75      78      70      64      77      80      80      73
      75      71      65      57      69      75      73      77      77      68
      74      83      82      69      58      84      86      80      69      64
      77      58      81      81      78      78      77      67      74      71
      77      89      90      60      74      75      70      74      80      87
      86      80      83      82      95      94     102      71      92      94
      86      99      86      98      85      95      84      94     112     100
     116     118     106     129     134     118     147     146     126     147
     157     168     191     145     211     199     189     168     190     199
     174     232     224     230     247     223     249     271     291     275
     283     308     282     294     322     324     356     315     340     342
     323     373     399     333     385     341     397     409     368     321
     375     380     327     324     389     353     325     336     284     293
     294     333     310     306     293     288     271     274     288     259
     253     254     249     194     224     194     170     185     217     175
     179     164     169     156     126     179     151     131     134     129
     105     135     115     128     128     124     116     112     105     103
     115     109     104      92      97      83      85      87     113      94
     106     120     120     130     145     105     136     159     147     166
     185     211     194     220     208     245     259     236     284     279
     278     317     303     328     325     339     337     367     323     351
     342     326     351     338     294     293     315     294     278     268
     257     225     226     234     205     170     180     157     156     136
     123     101     113      70      73      89      73      79      55      57
      53      74      65      63      62      53      60   31348
