$Informacoes da Fluorescencia de Raios-X:
"Sample    : brco_iag1_16p",                                                              
"Operator  : ",                                                                           
"Comment  : micromatter mylar 6.3 um",                                                    
"Group     : kerr2007ab13liv300al",                                                       
"Date       : 2013-03-06 22:12:58",                                                       
"",                                                                                       
"Mesurement Condition",                                                                   
"------------------------------------------------------------------------------------",   
"Instrument : 700HS2   Atmosphere : Vac.   Collimator : 10(mm)   Spin : No",              
"------------------------------------------------------------------------------------",   
"Analyte               TG kV   uA      FI Acq.(keV)  Anal.(keV)  Time(sec)     DT(%)",    
"------------------------------------------------------------------------------------",   
"Na                    Rh 50 1000-Auto Al  0 - 20    0.8 - 1.2   Live -  179   14",       
"Channel_info_start",                                                                     
"Channel : Na",                                                                           
"Points : 2048
"Range : 0.000000 - 20.480000",                                                           
"Step : 0.010000",                                                                        
"Channel_info_end",                                                                       
$DATA:
       0    2047
       0       0       0       0       0       0       0       0       0    2048
       0       0       0       0       0       0       0       0       0       0
       0       0       0       0       0       0       0       0       0       0
       0       0       0       0       0       0       0       1       1       0
      25      46      39      43      33      41      34      50      38      44
      35      51      42      44      39      35      37      48      47      37
      44      45      38      36      45      32      40      34      35      46
      48      50      42      58      46      41      35      38      44      37
      43      31      33      27      41      37      40      45      32      44
      29      34      37      34      33      33      41      39      36      50
      43      36      43      35      42      42      38      49      30      45
      43      45      32      41      50      43      42      30      29      48
      34      32      51      39      46      39      45      37      40      47
      42      50      50      32      45      39      35      49      36      52
      37      34      50      44      41      37      50      34      27      48
      48      46      33      45      39      42      48      35      54      48
      40      37      36      31      38      36      44      32      41      44
      29      39      45      41      34      44      32      48      37      51
      52      39      35      61      56      51      36      45      50      58
      51      53      54      62      48      52      76      79      67     111
     101     145     163     178     191     246     270     298     307     385
     343     301     316     279     241     239     188     174     142     102
      96      65      63      81      47      44      34      31      38      43
      46      38      32      35      28      31      38      40      28      30
      28      36      29      27      29      30      23      31      28      40
      21      38      33      20      30      27      19      29      29      32
      19      32      27      37      22      22      32      22      30      35
      40      40      28      34      42      33      47      51      52      55
      51      69      40      59      35      47      50      41      38      51
      52      52      54      33      41      56      38      38      53      50
      45      45      43      45      32      42      41      34      43      28
      31      54      43      38      39      47      50      44      40      51
      44      46      53      52      46      46      50      51      39      54
      37      48      55      48      60      46      51      63      61      38
      49      53      45      42      44      46      56      66      55      60
      59      57      54      52      75      46      73      81      87     108
     113     143     192     235     275     434     526     747     905    1166
    1470    1934    2131    2579    2950    3279    3414    3695    3617    3691
    3515    3398    2949    2730    2207    1973    1550    1299     900     677
     547     415     312     278     245     217     190     171     212     210
     225     285     276     336     346     393     451     478     516     510
     501     539     508     521     458     399     387     321     298     257
     209     171     155     139     119     111      86      95      87      78
      86      91      81      80      67     104      90      97      93     106
      82     106     109     117     102     114     120     109     126     125
     138     150     136     152     130     141     162     149     173     176
     160     171     182     177     176     155     173     175     166     171
     184     170     166     223     161     191     168     180     143     157
     160     171     151     164     141     140     133     154     138     135
     141     144     130     117     139     148     114     134     132     148
     123     141     135     117     106     139     124     138      94     127
     121     113     132     109     124     124     127     120     130     105
     101     145     113     134     135     140     136     103     122     143
     138     133     125     135     130     134     135     136     143     133
     143     132     124     129     148     141     138     143     155     142
     156     158     146     173     124     149     150     152     140     138
     154     145     126     156     141     166     159     163     159     165
     126     167     134     144     152     162     170     169     159     153
     151     167     159     171     170     173     192     156     168     178
     163     200     168     189     161     181     195     198     185     226
     180     178     207     220     172     216     225     167     202     192
     217     241     188     223     201     216     210     236     240     245
     223     211     201     225     201     200     236     244     217     254
     250     244     241     234     214     255     250     293     251     237
     229     253     294     295     279     279     276     263     269     305
     292     279     261     288     292     271     247     268     298     284
     282     269     283     255     266     298     245     265     269     262
     296     276     250     252     264     282     257     249     294     272
     294     277     308     306     272     313     273     280     290     272
     271     295     302     318     316     321     272     289     259     317
     302     324     308     316     285     293     302     311     277     286
     275     330     289     278     323     267     309     316     278     275
     307     280     272     264     258     265     303     324     301     296
     268     262     291     310     283     250     251     305     273     297
     289     272     302     274     242     313     312     317     295     291
     260     308     262     270     300     277     300     290     268     304
     283     321     284     307     302     297     292     317     308     308
     288     294     259     274     293     276     280     286     314     290
     297     310     297     293     287     326     296     293     317     348
     308     317     301     319     317     348     346     359     286     352
     264     362     346     326     356     379     377     344     369     360
     383     377     356     359     355     346     347     344     370     337
     357     343     323     345     334     328     308     327     301     290
     319     286     304     345     295     344     294     310     312     317
     303     307     294     300     313     328     279     335     282     309
     308     304     293     336     308     318     318     342     305     371
     369     412     378     393     442     444     425     488     480     496
     480     489     491     505     475     465     430     418     392     449
     369     374     413     416     327     306     327     324     334     292
     325     362     305     288     280     301     305     311     285     316
     314     295     307     311     334     325     348     314     286     311
     294     294     301     295     301     311     283     305     315     287
     283     308     291     298     306     290     306     304     295     302
     292     307     333     318     290     304     275     308     307     282
     274     313     305     302     276     328     291     317     312     305
     319     283     302     296     312     319     302     359     329     323
     311     348     322     333     335     310     352     319     324     321
     327     352     278     347     327     299     331     294     272     328
     272     310     306     325     315     300     321     292     274     282
     302     295     288     297     288     318     289     282     305     291
     319     287     315     294     290     296     309     339     324     282
     279     266     289     270     280     289     312     295     290     312
     275     293     298     293     300     260     312     304     292     326
     293     278     300     308     276     304     265     292     303     287
     292     327     292     259     307     297     296     328     294     267
     262     314     289     302     291     295     277     282     312     286
     296     269     289     283     271     279     293     312     307     285
     301     296     286     315     291     271     311     292     294     290
     288     324     304     278     251     291     318     283     258     277
     320     279     278     301     266     297     276     312     286     298
     287     274     315     295     265     294     310     306     303     277
     273     297     296     270     286     284     287     312     260     306
     282     301     297     285     250     285     288     279     267     292
     293     279     303     310     279     316     299     273     269     320
     272     278     262     278     269     290     272     276     257     287
     277     287     304     276     273     243     289     333     314     311
     257     284     300     283     254     340     292     282     288     279
     264     266     268     297     261     290     262     293     294     293
     269     277     268     275     272     298     269     266     277     277
     298     284     263     275     287     270     252     273     317     273
     270     256     285     289     261     292     297     252     248     275
     276     277     252     305     305     260     269     252     286     249
     272     285     307     271     246     254     272     283     271     271
     232     269     267     293     277     275     256     279     278     260
     279     257     261     249     264     261     273     264     274     253
     262     269     256     260     293     243     239     253     283     268
     255     249     258     276     276     272     276     255     238     267
     262     261     246     278     290     261     248     260     255     267
     247     267     245     316     266     259     262     300     248     244
     260     236     269     273     226     269     258     266     250     264
     250     267     267     220     229     286     261     253     264     259
     241     263     270     263     275     300     275     273     275     262
     234     264     266     272     251     273     262     251     259     272
     245     275     235     257     250     280     224     287     253     240
     241     242     266     274     252     243     263     254     258     270
     288     245     260     292     241     262     257     226     271     269
     259     279     226     222     237     206     242     252     247     278
     252     239     233     256     217     250     217     254     258     250
     217     237     218     252     227     258     246     254     213     211
     268     255     213     288     275     239     223     226     263     256
     236     236     246     255     251     224     250     240     237     249
     241     258     234     242     261     226     262     235     220     238
     207     231     229     200     261     254     233     223     222     218
     238     207     232     257     234     237     228     222     250     240
     204     259     210     227     240     251     234     243     222     239
     217     231     240     229     227     247     214     191     201     223
     242     217     237     226     240     250     238     236     223     262
     215     269     245     244     223     231     234     252     238     226
     220     227     235     232     234     215     220     229     235     209
     209     222     235     196     231     206     210     210     246     258
     208     220     249     224     245     244     216     221     189     237
     232     246     224     215     231     223     214     234     229     205
     219     241     227     229     212     228     218     228     213     220
     222     221     211     215     218     231     205     220     235     206
     229     175     216     220     200     225     245     213     196     240
     214     202     210     232     213     202     182     200     209     207
     196     224     202     212     197     211     208     221     195     214
     194     183     217     205     215     226     211     210     225     201
     183     209     207     219     203     204     229     198     226     193
     214     213     204     192     194     206     188     196     194     225
     235     205     228     196     181     198     247     223     200     194
     226     188     213     181     187     213     185     191     173     205
     198     207     199     204     201     210     211     196     182     209
     206     206     216     205     190     219     222     228     206     226
     177     197     217     207     177     210     175     214     213     189
     208     181     189     176     222     198     195     185     192     216
     225     182     197     198     214     211     183     190     197     216
     211     190     200     162     224     207     195     189     222     180
     182     200     184     217     181     206     198     188     193     225
     228     182     173     178     185     187     184     200     205     209
     208     210     191     198     173     167     203     199     165     197
     201     182     181     172     184     205     188     170     200     206
     196     196     204     212     188     176     197     223     194     181
     211     178     198     208     161     194     180     183     209     206
     160     193     197     200     211     195     200     212     205     189
     169     185     195     185     173     198     199     172     186     204
     205     193     177     192     169     203     202     209     190     204
     188     223     199     199     196     190     185     198     221     221
     188     191     185     204     180     204     222     188     181     208
     193     220     189     219     189     186     167     192     209     202
     200     182     235     210     180     186     215     194     180     194
     232     229     202     201     221     229     223     217     225     192
     226     198     248     213     187     212     236     212     221     192
     213     211     225     238     234     251     211     270     218     254
     231     220     267     224     216     252     249     251     223     271
     253     270     253     256     272     274     278     244     299     272
     283     277     315     289     318     298     313     304     300     314
     276     328     346     344     371     417     369     379     442     379
     408     413     489     458     428     484     525     559     565     544
     598     581     647     622     663     672     664     704     810     826
     837     872     887     909     869    1022    1019    1021    1069    1012
    1209    1155    1118    1175    1261    1294    1256    1307    1299    1350
    1322    1369    1498    1435    1440    1377    1459    1440    1351    1395
    1593    1361    1352    1414    1447    1362    1381    1374    1355    1360
    1289    1248    1271    1198    1231    1159    1162    1087    1001     998
    1011     932     933     894     850     875     748     735     749     705
     702     609     651     581     599     583     568     552     485     459
     489     455     425     381     392     401     374     363     349     309
     328     326     318     326     301     310     317     306     280     313
     301     280     263     291     361     319     319     339     328     387
     354     394     402     410     414     461     463     454     492     464
     500     524     524     487     560     517     547     508     595     517
     542     524     505     506     444     467     516     437     418     411
     428     370     355     339     367     308     305     295     273     249
     260     241     254     203     209     183     187     203     178     171
     199     198     180     165     190     187     191   94538
