$Informacoes da Fluorescencia de Raios-X:
"Sample    : brco_15xxx_p16lamfi",                                                        
"Operator  : ",                                                                           
"Comment  : micromatter branco 15xxx",                                                    
"Group     : kerr2007ab13liv300al",                                                       
"Date       : 2013-03-07 16:13:52",                                                       
"",                                                                                       
"Mesurement Condition",                                                                   
"------------------------------------------------------------------------------------",   
"Instrument : 700HS2   Atmosphere : Vac.   Collimator : 10(mm)   Spin : No",              
"------------------------------------------------------------------------------------",   
"Analyte               TG kV   uA      FI Acq.(keV)  Anal.(keV)  Time(sec)     DT(%)",    
"------------------------------------------------------------------------------------",   
"Na                    Rh 50 1000-Auto Al  0 - 20    0.8 - 1.2   Live -  179   13",       
"Channel_info_start",                                                                     
"Channel : Na",                                                                           
"Points : 2048
"Range : 0.000000 - 20.480000",                                                           
"Step : 0.010000",                                                                        
"Channel_info_end",                                                                       
$DATA:
       0    2047
       0       0       0       0       0       0       0       0       0    2048
       0       0       0       0       0       0       0       0       0       0
       0       0       0       0       0       0       0       0       0       0
       0       0       0       0       0       0       0       1       2       3
      23      38      45      43      35      39      31      36      30      55
      43      36      32      40      43      36      41      33      35      44
      52      48      52      36      34      29      42      37      38      29
      42      43      32      43      42      38      39      42      40      52
      40      31      31      47      32      29      42      28      27      32
      37      47      25      39      33      34      37      41      42      33
      51      32      37      42      38      33      40      48      33      40
      27      45      36      46      47      41      41      46      28      47
      35      40      31      39      35      44      34      38      26      40
      35      43      53      30      35      49      41      41      40      35
      33      36      34      42      38      47      44      56      37      36
      44      39      41      36      32      48      49      30      39      44
      39      52      49      33      29      34      33      31      36      38
      21      29      31      35      29      42      39      41      29      41
      34      49      41      45      32      52      40      37      47      45
      47      44      39      55      41      44      58      57      57      71
      90      96      86     111     154     155     171     219     187     213
     199     189     199     178     163     155     111      92      91      67
      61      58      52      41      41      42      32      42      36      32
      40      27      29      23      32      39      31      38      29      46
      34      37      27      29      31      30      28      29      23      23
      16      23      26      19      23      32      36      30      27      18
      29      24      26      27      21      45      24      29      32      32
      31      31      34      45      38      49      52      45      42      51
      45      32      42      41      50      43      38      55      42      46
      46      45      56      49      50      48      36      42      49      41
      40      39      43      37      37      33      34      41      44      29
      40      31      39      32      28      37      36      28      37      37
      25      34      41      49      40      41      50      52      43      40
      30      39      40      30      35      40      36      55      38      40
      51      39      38      44      33      43      38      32      50      42
      49      40      50      51      55      57      66      66      58      76
      92      93     174     188     236     262     366     512     556     812
     931    1228    1332    1587    1807    1953    2093    2190    2169    2235
    2026    1867    1724    1546    1226    1126     858     631     514     450
     323     262     238     213     192     201     184     179     178     176
     187     193     212     227     257     280     275     311     321     365
     326     361     330     287     306     242     249     238     196     175
     164     141     103     113      87     100      91      80      79      84
      74     100      76      74      96      77      76      96      93     111
     103      93     116     114      93     114     118     124     116     144
     131     142     129     141     141     143     148     171     143     159
     160     172     164     189     179     192     169     191     150     191
     174     156     148     174     171     150     142     172     169     142
     141     142     149     139     140     121     128     135     132     130
     132     116     128     122     120     135     121     124     122     112
     120     120     153     120     121     119     109     135     121     110
     133     108     114     120     127     109     130     127     123     113
     128     157     107     129     132     112     124     155     134     139
     123     139     107     136     118     132     116     111     114     139
     102     127     146     110     134     112     169     134     119     146
     153     132     165     134     142     139     133     165     148     143
     153     167     144     142     139     164     117     167     125     158
     152     164     165     145     173     147     156     154     150     148
     152     172     188     185     151     168     197     170     167     182
     156     169     185     176     166     178     173     198     179     171
     153     209     163     205     169     206     210     192     183     212
     202     195     220     206     219     213     225     223     203     218
     211     219     238     192     244     253     243     221     195     218
     237     251     254     248     242     225     240     261     239     264
     273     289     278     282     314     241     285     243     299     303
     260     277     265     264     275     289     296     304     281     264
     239     276     275     266     254     286     279     250     253     289
     250     310     237     270     262     269     280     310     295     279
     261     269     305     307     279     340     301     305     272     318
     280     265     280     290     317     306     284     274     302     299
     289     292     266     271     281     304     316     292     300     267
     287     298     289     289     284     288     293     292     353     289
     265     276     265     231     299     262     306     280     274     299
     283     284     291     291     297     274     290     291     262     298
     278     273     280     308     256     274     276     280     285     266
     278     301     309     296     313     263     274     253     300     244
     276     298     275     284     247     305     288     271     280     266
     284     303     263     289     286     308     253     327     298     312
     290     268     326     285     265     306     268     322     323     295
     317     313     289     333     309     327     319     328     379     350
     301     370     315     374     346     320     354     356     366     388
     351     363     366     354     378     385     342     349     374     336
     325     317     326     329     322     336     348     328     317     298
     301     284     298     306     308     284     319     276     352     285
     292     342     309     328     327     314     298     338     292     315
     305     324     269     311     319     337     359     320     335     354
     370     371     384     370     375     445     466     471     404     460
     498     458     444     469     479     461     416     413     386     423
     414     368     382     360     335     349     345     312     306     309
     328     324     297     313     301     305     295     305     309     276
     303     314     286     303     266     292     300     271     256     288
     326     277     284     284     285     306     295     305     300     304
     287     307     281     289     319     261     332     281     303     291
     290     310     264     295     302     295     316     300     278     291
     277     297     269     254     293     292     340     307     272     299
     325     301     269     274     329     308     322     325     306     317
     285     273     327     326     293     302     329     306     301     292
     323     329     331     290     297     302     274     302     308     304
     312     306     302     309     292     288     293     290     278     253
     310     270     268     274     297     320     295     320     292     270
     249     290     303     314     315     309     300     286     291     268
     312     288     262     282     272     326     258     281     262     322
     242     280     287     315     268     282     300     300     316     286
     314     298     274     283     286     306     241     261     282     309
     279     263     279     330     247     271     301     281     306     297
     305     272     273     291     282     282     291     275     292     271
     254     254     301     312     270     286     292     321     254     273
     280     303     293     293     281     278     279     260     315     288
     297     273     260     271     287     264     260     285     298     269
     304     295     275     267     271     288     278     314     272     320
     241     273     313     273     304     269     306     295     284     264
     291     275     270     275     286     292     249     271     273     251
     252     269     279     263     276     289     296     264     271     246
     281     269     273     273     287     296     282     305     304     282
     298     261     296     277     292     251     337     269     279     279
     285     287     246     277     283     289     263     236     276     268
     300     271     295     264     282     295     262     299     271     289
     280     292     249     290     308     277     267     288     261     266
     267     291     296     308     277     270     242     268     258     280
     286     272     250     278     279     276     277     264     288     266
     286     298     271     282     264     237     286     276     252     264
     291     290     257     280     258     263     273     267     288     283
     258     263     264     272     289     269     270     243     277     247
     265     262     249     253     290     277     286     254     254     274
     252     277     258     252     258     239     258     285     266     260
     248     266     243     251     227     248     254     248     250     300
     253     275     257     254     243     247     272     260     234     263
     251     251     248     273     287     270     262     247     247     247
     257     257     274     250     285     248     246     274     257     277
     280     246     247     240     296     264     282     245     284     268
     256     276     261     246     245     251     267     248     246     248
     261     241     280     256     246     233     247     267     273     266
     240     261     213     252     256     249     260     261     214     250
     238     262     240     257     249     266     248     266     245     246
     260     234     265     246     229     232     260     245     239     240
     242     235     247     254     231     257     211     221     245     219
     252     242     230     287     243     248     279     236     266     253
     239     244     260     248     254     248     261     254     263     221
     253     221     298     246     233     232     234     237     225     227
     232     232     242     239     252     262     259     212     248     232
     201     251     244     287     248     241     246     241     214     249
     225     253     199     246     268     239     233     243     238     235
     210     235     261     247     233     246     219     241     221     202
     218     213     236     260     232     215     211     243     219     200
     227     234     261     214     241     241     249     223     236     219
     247     267     245     230     227     229     209     226     238     242
     241     219     208     232     206     218     208     220     219     217
     212     210     226     252     221     230     243     225     202     234
     220     202     234     209     186     232     242     214     226     242
     215     234     224     222     233     234     215     244     218     221
     226     198     222     215     207     199     231     246     242     185
     245     227     215     188     242     213     209     213     227     260
     210     200     231     223     218     199     196     234     184     220
     236     207     214     229     199     259     220     220     245     251
     226     227     242     191     203     201     218     236     202     197
     219     233     195     198     203     238     193     198     218     218
     197     217     221     240     202     230     224     206     224     181
     215     218     193     213     209     195     211     218     221     213
     208     198     208     243     203     203     201     203     217     199
     214     206     201     181     197     194     196     215     187     201
     192     189     208     206     200     183     206     206     198     209
     209     219     206     203     225     214     205     191     174     188
     198     205     211     207     193     189     203     190     194     188
     218     198     202     197     197     195     178     173     202     185
     189     194     196     201     199     206     199     189     203     202
     179     203     189     171     187     207     203     201     208     198
     193     192     205     188     180     190     195     175     218     166
     211     194     188     207     198     202     215     173     217     200
     175     207     182     198     180     181     194     205     191     223
     164     183     194     181     178     193     186     174     202     195
     193     185     173     195     190     154     204     176     210     178
     195     184     190     196     208     175     192     186     197     206
     152     172     166     203     200     163     193     209     189     184
     198     199     186     186     215     169     203     199     198     197
     197     188     199     178     186     197     201     208     163     192
     209     205     184     196     196     181     186     195     183     191
     175     207     220     179     173     190     208     187     184     193
     180     158     145     189     196     196     164     193     204     193
     198     200     171     186     210     195     188     199     190     212
     185     188     201     185     188     172     203     172     231     210
     211     215     222     180     191     206     199     209     192     217
     198     186     196     223     203     209     230     221     227     219
     208     218     224     211     225     211     222     228     209     239
     209     217     220     200     232     213     229     232     252     227
     215     238     244     217     245     234     260     259     232     240
     263     274     253     239     258     253     237     310     287     282
     282     291     285     280     289     282     291     293     317     293
     310     316     341     364     330     350     362     364     391     424
     435     455     455     490     453     498     496     553     527     559
     628     607     621     619     711     732     759     701     784     831
     850     858     898     933     985    1027    1068    1030    1120    1131
    1163    1196    1145    1243    1306    1238    1177    1343    1322    1351
    1334    1340    1528    1431    1385    1379    1467    1418    1410    1281
    1571    1380    1359    1322    1366    1418    1321    1296    1256    1273
    1229    1156    1278    1157    1137    1086     998    1013    1039     960
     974     884     893     835     879     752     747     715     702     701
     652     613     615     545     566     464     533     464     504     442
     466     408     410     375     410     361     365     350     369     352
     349     283     350     298     273     290     299     322     282     293
     301     277     315     296     321     329     359     308     366     351
     369     360     377     413     381     435     441     497     473     487
     485     496     512     495     511     518     548     506     523     515
     516     468     483     450     445     454     475     439     415     397
     397     354     377     315     332     306     283     260     236     251
     214     237     238     207     203     181     194     171     162     174
     162     179     174     175     191     162     173   93284
