$Informacoes da Fluorescencia de Raios-X:
"Sample    : caf2_34669_16p",                                                             
"Operator  : ",                                                                           
"Comment  : micromater caf2 52.3ug/cm2",                                                  
"Group     : kerr2007ab13liv300al",                                                       
"Date       : 2013-03-06 17:39:36",                                                       
"",                                                                                       
"Mesurement Condition",                                                                   
"------------------------------------------------------------------------------------",   
"Instrument : 700HS2   Atmosphere : Vac.   Collimator : 10(mm)   Spin : No",              
"------------------------------------------------------------------------------------",   
"Analyte               TG kV   uA      FI Acq.(keV)  Anal.(keV)  Time(sec)     DT(%)",    
"------------------------------------------------------------------------------------",   
"Na                    Rh 50  712-Auto Al  0 - 20    0.8 - 1.2   Live -  179   21",       
"Channel_info_start",                                                                     
"Channel : Na",                                                                           
"Points : 2048
"Range : 0.000000 - 20.480000",                                                           
"Step : 0.010000",                                                                        
"Channel_info_end",                                                                       
$DATA:
       0    2047
       0       0       0       0       0       0       0       0       0    2048
       0       0       0       0       0       0       0       0       0       0
       0       0       0       0       0       0       0       0       0       0
       0       0       0       0       0       0       0       0       0       3
      34      54      38      46      38      41      48      43      43      55
      41      35      32      40      40      39      47      55      32      39
      45      47      40      43      28      41      30      43      39      40
      49      45      41      42      54      47      45      32      46      58
      31      44      48      47      39      44      42      47      45      43
      46      46      38      36      43      41      39      34      56      46
      34      47      44      42      40      32      36      49      44      39
      39      45      57      53      45      40      30      47      39      64
      38      55      58      47      55      38      30      47      47      34
      42      54      49      38      40      55      43      55      53      48
      47      55      55      54      55      44      49      47      49      60
      62      52      57      50      56      55      55      63      59      52
      56      68      50      46      47      59      43      46      59      62
      62      55      73      80      83     107     136     138     157     177
     210     185     196     245     236     212     191     193     179     163
     158     152     146     179     160     201     206     248     326     358
     427     457     478     551     557     522     613     537     488     477
     444     380     329     291     259     209     177     150     140      98
      84      94      62      75      53      85      77      83      75      83
      98      72      96     111      94     104     108      90      93     101
      73      86      68      87      69      50      60      44      50      54
      70      58      55      50      58      50      53      48      47      59
      43      45      54      69      41      47      50      39      63      60
      58      47      58      57      60      63      47      74      62      59
      75      65      69      63      80      64      78      65      68      94
      91      72      80      77      97      91      78     109      99      99
     119     106     105     119      98     108     118     119     123     148
     117     129     158     161     133     167     161     181     158     178
     186     203     178     210     189     235     229     241     239     265
     216     218     237     241     246     255     241     216     237     233
     241     239     233     252     236     272     254     291     277     313
     296     277     325     339     349     367     377     429     454     514
     630     737    1025    1472    2033    2816    3972    5803    7676   10549
   13540   17541   20867   25205   29507   32688   35316   37829   38149   37967
   34615   32947   29987   25760   21480   17673   14124   10908    7855    5698
    4065    2867    1852    1357     999     798     653     758     825    1011
    1301    1602    1907    2407    2707    3221    3689    4192    4425    4747
    4805    4773    4534    4251    4061    3457    2855    2487    1982    1668
    1270     944     673     527     389     302     197     158     136     101
     109      69      71      84      74      61      63      87      69      82
      75      70      82     101      91      99      80     105      89      96
     112     114     111     117     115     133     104     133     121     122
     133     135     122     118     137     116     122     107     155     127
     129     138     130     124     113     129     130     141     107     148
     123     123     120     105     113     123     134     136     103     115
     105      93     101      98     111     106     107     122     105     101
     111      98      90      78      98      88      86     102     109      94
      84      93      84      94     107      98     101      89     108     116
     102     101     101     104     104     100      98      70      91     103
     102     107      94     102     104     103     101      92     100      93
      96     102      89     101     103     132     101     117      90     100
      96     109     116     101     104     126     101     117     132     123
     106     113     115     143     122     117     112     126     114     141
     123     119     118     119      90     109     122     128     126     146
     121     107     133     136     136     145     141     117     144     137
     130     120     143     131     146     173     124     162     164     156
     162     138     174     163     135     141     158     174     161     155
     175     177     172     173     174     172     181     220     186     175
     191     180     216     159     180     201     211     200     202     187
     204     193     195     190     210     194     202     247     202     229
     245     225     265     251     258     268     276     273     283     326
     287     257     277     244     239     212     251     258     221     200
     209     192     194     192     206     239     209     230     209     234
     210     234     194     226     221     226     203     225     226     259
     226     250     241     223     230     228     237     232     236     236
     251     258     226     262     253     254     248     222     265     249
     260     272     273     275     267     294     297     265     265     297
     253     255     289     281     294     290     262     262     265     284
     258     307     268     308     296     277     280     303     249     283
     261     264     234     265     280     274     269     293     243     289
     282     282     268     308     297     264     289     266     254     255
     275     253     282     252     262     268     276     285     248     253
     241     226     279     245     251     221     209     223     221     232
     234     211     240     232     246     224     248     223     237     237
     225     245     265     249     252     225     258     260     241     264
     290     240     287     266     250     295     245     281     280     224
     295     302     306     312     310     364     378     436     410     480
     455     508     493     542     662     650     731     806     810     783
     765     847     788     852     824     805     770     702     715     609
     641     554     512     469     444     371     362     343     363     372
     290     331     289     293     273     269     290     265     247     301
     266     267     275     251     264     265     290     299     277     316
     317     298     303     329     317     337     375     367     367     405
     351     393     348     353     381     408     354     325     360     338
     305     296     296     322     246     291     249     267     262     269
     249     251     237     236     262     239     230     224     238     257
     284     262     252     257     220     249     260     232     261     235
     245     248     250     232     238     228     269     251     273     302
     272     304     276     268     316     274     361     329     360     358
     343     413     387     451     456     470     499     525     495     575
     546     570     547     539     561     528     478     536     510     508
     497     468     473     396     437     410     393     339     378     362
     363     343     353     367     333     360     327     368     366     377
     386     358     348     322     365     380     338     375     334     307
     299     323     323     289     289     303     250     268     248     266
     257     250     289     240     281     273     233     257     241     241
     231     199     270     248     270     228     251     232     203     261
     221     229     206     244     230     216     239     244     225     237
     224     217     260     233     237     233     230     249     244     236
     236     249     244     268     259     250     266     219     249     258
     214     247     230     224     205     225     249     249     259     263
     248     262     235     224     272     236     238     261     234     259
     240     232     255     253     263     262     226     248     230     250
     244     229     240     230     238     244     254     262     269     266
     266     262     261     270     284     265     288     295     288     282
     290     279     301     302     275     301     268     327     313     272
     298     283     305     296     269     293     266     280     275     261
     311     252     282     244     253     290     251     258     234     234
     221     252     248     238     251     230     252     240     222     243
     272     233     246     265     234     248     266     238     233     248
     228     229     228     258     237     235     238     243     216     212
     234     229     248     239     204     248     214     248     189     235
     258     238     206     234     214     223     236     228     238     207
     245     244     239     222     241     211     209     233     233     245
     231     204     234     232     211     204     221     241     191     210
     215     229     251     255     206     238     230     225     226     238
     202     209     182     193     199     241     216     223     223     253
     208     209     229     236     257     239     233     215     224     219
     229     212     222     208     219     222     212     216     202     192
     217     237     226     236     208     228     188     211     226     244
     222     205     187     206     223     206     225     235     207     209
     221     210     224     225     205     202     231     212     215     215
     199     212     217     229     215     181     187     206     210     220
     222     204     193     214     209     206     230     233     263     212
     184     177     194     200     217     201     243     202     215     214
     218     184     173     193     204     217     185     216     230     209
     229     218     204     200     216     230     184     203     184     218
     202     181     195     189     210     211     218     191     223     210
     209     199     200     190     219     207     215     194     196     199
     223     208     210     210     199     206     207     236     207     190
     200     152     225     197     159     216     203     201     231     247
     193     192     189     206     234     205     175     210     226     230
     177     177     192     215     187     185     203     217     205     212
     188     187     192     187     200     180     188     210     200     205
     202     194     185     184     216     164     197     193     178     201
     182     200     196     219     182     211     175     202     189     216
     215     176     182     185     210     177     199     192     210     210
     216     195     189     185     192     190     186     164     232     211
     180     216     175     194     173     185     223     172     231     193
     196     190     163     185     197     221     181     205     170     192
     165     195     199     195     162     190     185     165     203     172
     165     177     172     180     182     192     164     176     178     197
     164     162     212     175     178     188     176     182     190     165
     171     204     166     165     184     195     159     174     186     179
     182     206     197     173     157     202     197     197     177     173
     175     177     180     175     163     196     185     180     187     170
     185     166     189     171     172     174     192     191     185     188
     212     168     192     171     190     164     171     176     148     202
     165     163     161     163     185     174     180     192     199     158
     161     188     174     167     177     188     178     164     170     172
     163     163     159     170     173     179     173     185     164     168
     188     176     170     186     195     179     172     162     165     172
     156     192     156     186     173     171     199     180     179     174
     167     130     149     193     162     156     164     153     168     157
     182     164     166     179     161     165     166     172     174     167
     162     163     147     165     195     161     159     157     166     176
     156     163     146     163     186     171     163     160     173     184
     156     167     163     165     176     171     149     155     157     181
     168     145     140     159     158     155     159     176     157     193
     158     141     153     140     175     170     176     150     170     173
     146     153     189     162     179     161     171     140     163     146
     178     164     164     132     145     146     148     181     144     164
     163     174     171     173     156     150     167     141     147     147
     171     153     194     167     171     163     174     156     144     166
     147     159     171     149     152     167     162     149     173     166
     168     177     162     127     162     173     162     138     160     178
     137     156     171     164     167     132     158     141     155     157
     157     174     142     170     137     179     138     171     149     140
     161     160     180     152     172     150     170     175     165     187
     135     127     155     153     143     153     144     136     176     144
     157     147     166     177     147     153     147     171     157     161
     156     161     153     160     137     174     163     164     146     152
     144     148     173     158     115     144     195     160     146     152
     137     126     145     140     159     170     132     164     176     161
     156     155     175     150     143     144     164     174     171     180
     151     160     156     149     153     163     162     144     165     180
     165     160     179     158     142     150     170     184     193     173
     170     179     156     148     163     161     171     189     161     164
     167     157     171     192     152     166     184     197     168     175
     204     188     194     182     186     189     175     162     204     179
     199     182     186     203     177     185     178     203     172     200
     180     201     208     206     222     222     193     216     233     212
     236     220     246     234     240     222     258     234     258     255
     283     237     259     273     290     305     316     301     306     306
     320     323     329     357     334     351     370     405     424     405
     485     490     456     488     507     561     561     514     643     669
     643     698     683     725     721     770     791     822     840     865
     849     876     862     935     977    1012     967     977    1118    1075
    1054    1069    1146    1161    1071    1102    1170    1127     995     994
    1191    1095    1091    1037    1122    1055    1014    1068    1067    1014
     973     977     950     915     885     846     886     807     774     748
     822     781     703     654     692     627     533     574     581     544
     517     482     513     459     483     430     400     427     371     375
     371     346     361     334     310     296     283     312     264     287
     268     253     226     262     223     218     238     239     241     231
     237     244     221     225     279     266     279     249     291     314
     296     262     312     340     327     343     402     405     408     382
     424     412     442     444     536     521     454     446     471     483
     430     475     457     454     415     381     433     411     357     342
     355     348     302     275     264     263     252     243     250     225
     201     179     206     168     160     144     162     144     150     149
     170     108     149     140     137     158     146   74857
