$Informacoes da Fluorescencia de Raios-X:
"Sample    : caf2_31496p16lamfi",                                                         
"Operator  : ",                                                                           
"Comment  : micromatter_caf 51.3 ug/cm2",                                                 
"Group     : kerr2007ab13liv300al",                                                       
"Date       : 2013-03-07 12:01:26",                                                       
"",                                                                                       
"Mesurement Condition",                                                                   
"------------------------------------------------------------------------------------",   
"Instrument : 700HS2   Atmosphere : Vac.   Collimator : 10(mm)   Spin : No",              
"------------------------------------------------------------------------------------",   
"Analyte               TG kV   uA      FI Acq.(keV)  Anal.(keV)  Time(sec)     DT(%)",    
"------------------------------------------------------------------------------------",   
"Na                    Rh 50  712-Auto Al  0 - 20    0.8 - 1.2   Live -  179   21",       
"Channel_info_start",                                                                     
"Channel : Na",                                                                           
"Points : 2048
"Range : 0.000000 - 20.480000",                                                           
"Step : 0.010000",                                                                        
"Channel_info_end",                                                                       
$DATA:
       0    2047
       0       0       0       0       0       0       0       0       0    2048
       0       0       0       0       0       0       0       0       0       0
       0       0       0       0       0       0       0       0       0       0
       0       0       0       0       0       0       1       1       0       2
      24      45      34      43      42      47      46      34      43      54
      36      46      46      36      39      41      43      45      49      52
      44      37      37      41      31      40      42      52      33      49
      42      36      45      55      40      51      36      44      47      33
      41      37      45      40      35      44      51      44      44      33
      41      43      43      35      32      45      42      44      33      51
      39      36      40      46      43      25      31      31      49      48
      40      39      42      41      50      35      48      47      49      34
      54      33      37      31      34      45      43      35      41      46
      40      44      30      48      31      42      61      51      47      50
      52      71      42      47      44      42      40      42      39      43
      48      46      44      50      54      58      60      50      60      58
      54      63      45      56      50      50      59      59      65      65
      46      57      79      72      75     111     124     140     138     145
     166     182     194     183     176     194     153     165     153     177
     160     153     108     160     154     206     208     229     285     355
     382     464     480     540     563     534     500     535     480     470
     428     428     338     299     257     191     172     128     121     123
      79      85      79      95      75      96      90      92      76      75
      65      91      91      92     118     109      95      96      95      95
      72      99      69      75      54      64      67      65      46      47
      48      54      45      32      45      46      47      41      34      37
      52      47      70      59      57      63      55      55      54      65
      59      61      66      87      67      86      58      58      57      59
      65      67      56      80      63      47      85      85      80      63
      97      77      72      73     102     102      99      94      93      89
      95     104     110     103     101     104     117     109     150     160
     141     134     145     132     150     160     169     163     148     169
     146     193     186     222     230     217     179     205     232     239
     193     227     228     242     239     244     226     224     240     232
     243     244     254     236     248     262     232     277     232     297
     306     288     300     279     340     316     370     378     464     516
     589     769    1087    1350    1924    2726    3972    5591    7665   10279
   13332   17046   20668   24800   29034   32255   34549   37255   36623   36475
   33871   31912   29151   25094   20399   16885   13329   10321    7235    5344
    3775    2662    1711    1254     879     702     667     703     837    1030
    1195    1576    1883    2396    2824    3157    3661    4146    4229    4714
    4527    4604    4318    4065    3797    3434    2768    2394    1937    1574
    1155     857     664     465     358     272     192     124     100      90
      79      80      70      78      67      66      67      54      70      82
      84      75      79      89      84      93      93      92     108      89
     109      99     121     109     132     149     123     146     110     141
     131     121     117     161     125     137     125     124     120     128
     155     132     130     118      99     118     130     123     120     122
     103     106     121      97      86     102     110     113     126     115
     117     117     110     105     120     101     107     103     106      99
     100     104     100     101      94      94     109      79      82      99
     106     102     102      92     112      88      85      93      85      81
      90     102      97      81      89     108      95     110     108      86
      96      85      81     104     110      95      88      95     108     102
      91     105     103     113     102      85     101     112     102      88
     100      99     109     101     103     107     100     117     110     121
     135      94      99     122     117     125     117     110     115     104
      96     119     102     131     107     113     123     123     125     130
     127     120     135     126     112     141     140     126     123     120
     148     137     124     141     147     136     138     145     158     131
     130     139     153     160     172     126     168     153     176     150
     179     172     178     169     179     203     169     200     205     170
     179     182     178     178     203     209     197     215     210     228
     192     201     199     201     217     222     199     222     213     208
     224     255     252     218     253     228     260     283     258     247
     230     273     226     248     231     219     222     198     202     214
     217     224     206     206     197     198     191     217     187     233
     243     217     203     197     201     214     206     207     226     234
     196     199     237     221     223     203     226     231     252     245
     227     231     251     256     219     231     248     251     237     249
     269     218     240     255     241     259     254     289     254     258
     270     264     258     236     321     259     238     239     278     277
     287     256     271     286     258     267     269     253     240     278
     251     271     227     232     253     256     262     270     251     221
     281     217     254     257     267     248     249     287     255     275
     264     266     286     244     262     234     245     249     228     218
     246     247     187     230     222     230     241     218     227     217
     217     212     243     216     240     256     234     195     263     228
     246     271     228     221     236     230     283     254     234     231
     248     257     253     253     251     271     240     283     252     262
     270     309     284     306     299     306     354     364     363     412
     428     476     494     562     539     594     661     661     665     669
     706     729     748     726     732     635     671     642     632     565
     519     527     438     409     410     367     358     322     309     305
     290     296     256     298     279     231     258     308     266     257
     267     255     268     270     288     259     278     279     292     256
     288     275     333     327     350     359     329     362     359     352
     388     369     370     368     388     375     362     336     365     297
     323     292     287     287     273     279     281     259     219     249
     216     254     247     233     205     243     198     229     234     275
     263     219     215     266     223     203     247     246     205     251
     231     249     237     267     260     232     238     229     226     254
     276     270     268     279     256     298     297     273     324     312
     334     377     362     394     444     410     375     424     493     502
     470     499     474     506     474     539     470     464     423     473
     405     378     395     405     358     350     336     363     339     324
     366     301     339     302     329     338     321     333     337     330
     317     314     327     317     325     334     323     312     286     291
     293     269     270     277     269     240     269     272     244     237
     232     233     236     231     243     241     241     211     248     258
     246     230     214     225     223     264     251     282     221     217
     216     234     226     260     242     264     210     222     244     224
     239     239     243     216     237     244     227     225     268     212
     206     264     208     222     248     216     216     197     226     289
     224     219     242     271     249     227     248     234     259     214
     227     276     240     199     247     249     264     233     233     259
     242     266     211     229     243     246     216     267     222     232
     246     218     223     229     234     252     229     227     254     238
     238     247     258     262     231     226     270     270     245     269
     297     302     258     261     260     242     279     291     284     304
     268     251     254     251     271     270     256     263     253     223
     252     233     257     257     229     246     233     245     255     237
     226     233     261     226     237     218     249     257     245     226
     257     258     208     238     256     203     209     209     246     260
     268     219     208     206     219     219     214     237     229     223
     232     212     210     195     212     205     188     225     209     211
     239     234     247     200     224     210     225     238     234     222
     209     233     227     206     233     225     198     210     223     224
     207     202     234     198     214     217     237     205     211     222
     237     233     225     210     222     205     199     202     211     211
     227     216     201     238     215     210     215     216     183     213
     268     194     221     201     222     240     207     209     188     221
     201     199     237     197     203     214     215     208     199     209
     234     214     238     187     214     210     228     234     193     207
     228     200     211     226     184     177     206     223     209     208
     198     205     198     209     229     212     201     193     219     210
     209     228     224     213     188     227     227     202     195     206
     207     226     207     194     231     214     208     186     213     218
     196     212     178     198     214     181     245     213     210     185
     198     208     231     192     193     199     219     184     227     222
     197     214     187     212     184     195     185     199     217     213
     223     213     192     205     201     212     196     206     199     185
     211     186     218     181     170     203     216     214     193     186
     219     188     176     190     201     206     208     186     177     188
     191     195     171     210     199     194     205     211     203     190
     196     205     182     186     190     194     194     201     216     193
     219     207     179     207     197     200     221     187     171     184
     190     186     169     168     188     191     192     183     192     216
     188     211     200     227     181     181     205     215     181     186
     195     192     205     212     203     181     200     157     172     193
     205     184     184     191     209     178     207     182     199     200
     208     199     193     177     197     184     177     173     238     190
     186     168     191     184     162     188     190     197     183     191
     175     176     180     188     185     166     182     183     178     169
     190     181     163     177     183     187     177     185     196     176
     165     190     195     160     191     169     166     168     172     182
     191     195     177     194     191     165     196     205     173     172
     180     188     158     162     186     193     193     167     193     188
     163     156     207     181     175     186     182     194     163     169
     173     164     193     165     193     171     171     165     167     198
     177     171     187     177     169     158     164     166     155     167
     172     192     165     162     193     177     149     175     178     156
     161     158     164     180     167     164     180     186     166     176
     191     168     199     177     167     177     164     171     156     162
     198     157     165     170     155     145     196     175     167     156
     157     163     187     169     173     176     130     149     163     162
     154     147     165     157     165     167     200     176     153     167
     141     172     173     154     145     154     156     158     191     173
     161     158     165     149     157     166     181     155     155     148
     136     183     178     170     135     153     157     156     143     166
     146     152     165     143     179     145     184     146     160     163
     147     170     153     162     150     148     140     168     146     171
     157     162     141     162     192     171     171     173     163     160
     160     145     151     149     146     181     149     157     172     155
     153     157     153     161     146     153     171     161     152     155
     180     177     152     137     143     161     178     154     145     149
     143     169     178     158     148     147     180     154     158     148
     177     146     138     152     160     152     160     140     161     154
     151     145     153     161     166     139     142     142     185     146
     135     135     160     152     163     137     142     143     148     149
     127     126     148     157     127     153     146     136     160     137
     165     143     167     137     142     133     152     158     165     156
     153     168     155     164     141     147     136     149     138     161
     177     134     145     147     171     156     155     153     154     120
     164     146     165     155     121     142     141     122     166     133
     149     161     145     178     128     141     126     160     163     154
     123     135     160     156     160     138     152     168     184     148
     173     146     142     150     137     152     139     164     148     143
     158     153     173     149     139     155     182     181     148     165
     161     152     160     151     155     186     170     148     163     168
     161     154     186     168     142     162     172     148     143     162
     166     164     164     166     178     167     193     191     179     158
     164     165     164     193     167     171     200     184     171     161
     185     149     192     187     167     195     156     182     170     193
     166     194     180     173     190     188     203     180     192     186
     195     170     201     191     202     172     186     184     225     215
     225     219     207     222     216     217     246     239     247     255
     230     263     254     271     258     285     291     297     274     301
     339     290     362     383     364     364     379     392     428     484
     468     444     476     484     516     581     536     552     624     585
     650     607     684     693     700     700     725     822     762     739
     849     920     907     898    1006    1042     975     948    1044    1034
    1044    1010    1059    1044     994     984    1101    1111    1097     983
    1141    1042     978    1000    1080     983    1071     963     979     946
     905     883     893     911     879     831     821     763     742     708
     753     738     637     631     632     640     556     576     567     548
     510     455     468     409     410     402     403     380     360     385
     354     333     315     298     294     285     269     262     289     261
     257     247     232     245     225     216     252     217     217     234
     231     258     242     221     287     254     242     244     318     285
     289     299     310     328     358     345     384     409     397     374
     457     384     468     446     465     460     519     463     443     461
     436     404     453     428     398     345     442     352     376     328
     340     315     285     267     284     281     237     231     216     215
     169     173     179     192     166     160     160     138     137     131
     140     149     119     142     130     148     133   72662
