$Informacoes da Fluorescencia de Raios-X:
"Sample    : cr_34674_16p",                                                               
"Operator  : ",                                                                           
"Comment  : micromater cr 49.0ug/cm2",                                                    
"Group     : kerr2007ab13liv300al",                                                       
"Date       : 2013-03-06 18:01:20",                                                       
"",                                                                                       
"Mesurement Condition",                                                                   
"------------------------------------------------------------------------------------",   
"Instrument : 700HS2   Atmosphere : Vac.   Collimator : 10(mm)   Spin : No",              
"------------------------------------------------------------------------------------",   
"Analyte               TG kV   uA      FI Acq.(keV)  Anal.(keV)  Time(sec)     DT(%)",    
"------------------------------------------------------------------------------------",   
"Na                    Rh 50  296-Auto Al  0 - 20    0.8 - 1.2   Live -  180   21",       
"Channel_info_start",                                                                     
"Channel : Na",                                                                           
"Points : 2048
"Range : 0.000000 - 20.480000",                                                           
"Step : 0.010000",                                                                        
"Channel_info_end",                                                                       
$DATA:
       0    2047
       0       0       0       0       0       0       0       0       0    2048
       0       0       0       0       0       0       0       0       0       0
       0       0       0       0       0       0       0       0       0       0
       0       0       0       0       0       0       0       0       1       1
      11      20      18      17      14      12      16      15      20      18
      15      19      33      14      19      19      16      17      18      20
      17      21      15      17      20      15      21      28      14      21
      16      23      11      23      20      15      14      16      18      20
      11      11      21      17      20      17      21      16      16      18
      17      13      22      16      16      18      18      10      11      15
      13      20      21      20      18      19      20      21      21      25
      28      12      15      29      18      17      22      21      25      21
      28      13       8      10      30      17      16      29      15      16
      19      24      16      19      22      14      14      22      27      20
      18      15      16      22      10      18      17      22      30      28
      12      17      23      28      23      31      29      50      39      35
      28      21      24      28      29      18      34      21      19      17
      22      25      18      22      33      27      25      33      33      20
      27      35      31      34      27      29      29      30      20      33
      29      25      25      30      27      28      39      29      23      41
      40      42      40      67      68      72      84      92     123     120
     105     102      93     109      70      83      62      60      40      36
      29      34      34      30      24      24      21      18      18      20
      18      28      29      22      22      22      23      33      32      23
      20      18      22      21      28      22      29      17      19      30
      23      17      20      23      19      20      19      24      17      17
      22      24      22      12      12      15      27      23      22      23
      15      32      29      16      18      20      32      36      31      22
      19      31      25      29      22      28      15      32      25      27
      21      22      37      27      23      22      28      24      24      23
      24      30      27      35      32      19      27      22      19      32
      23      34      33      24      21      27      17      23      28      32
      22      22      20      19      30      38      27      31      23      35
      28      24      28      38      36      23      25      29      34      19
      34      30      24      27      35      28      32      38      28      34
      46      43      32      43      43      46      42      40      47      46
      74      78      90     119     151     173     229     291     361     494
     617     705     825    1045    1138    1316    1280    1448    1420    1420
    1295    1114    1065     894     743     600     427     392     266     196
     160     132     132     105     104      82      90      84      83     104
      90     110     105     115     130     154     183     150     197     203
     151     201     185     181     152     140     138     115     108     109
      89      91      80      71      80      86      70      86      80      81
      97      95      83      87      76      69      68      80      82      67
      65      67      86      95      66      80      80      74      92      80
      98      78      89      98     101     124     104     108     109     130
      99     117     112     118     125     143     137     136     111     127
     134     125     128     127     143     125     135     136     144     121
     112     137     118     134     120     117     105     144     134     120
     136     104     124     119      90     113     108     134     119      92
     123     105     130     132     152     125     128     141     120     135
     154     176     144     185     178     183     176     176     225     228
     193     231     191     265     243     283     314     367     408     432
     576     754    1036    1470    2038    2891    4002    5958    7834   10621
   13413   17503   22157   26877   31220   36544   40408   44927   46052   48090
   49242   48382   45106   43557   39062   34625   29266   24771   20211   16339
   12589    9857    7021    5173    3585    2455    1785    1143     794     589
     406     305     223     228     209     195     190     206     197     208
     203     241     255     287     311     393     426     536     646     829
    1086    1389    1588    2174    2524    2979    3486    4142    4746    5175
    5524    5960    6033    6166    5914    5660    5539    5112    4557    4076
    3453    3066    2378    1997    1625    1238     833     754     537     393
     310     223     137     152     117     108      74      89      73      77
      73      86      80      56      97      76      80      83      60      83
     100      83      89      88      92      98     104     109     101     109
     102     116     103      98     115     124     106      95     113      97
      99     120     113     100     103     101     125     101      99     111
     104     109     104     129     121      91      94     119     128     119
     128     118     100     118     104     123     103     130     106     102
     117      94     106      94     103      93     117      97      80     106
      90     102     124     100     102      83     100     106      97      91
      89      89      90      92      82      88      93      92      90      74
     103      90      87      97     100      94      99      84      92      97
      85      75     100      99      87      82     102      82      89      87
     112      92      75      86      93      86     120     119      75      87
     100      93     113      89      93     104     116      92      90     104
     106     103     121      99      99      89      81     100      98      82
      80      89     111      97     104      94     116     100      88      97
      84     109     108     106      94     106     103     104      95     106
      86     103      81     113     106      93     113      89     122     111
      92     133     109      98     117     132     103     121     122     104
     134     112     109     126     120     120     125      89     123     105
      84     122      92     100     110     111     111     116      88      91
     101     100     113      94      90     117      78      94      95     116
      94     104     109     121      94     108     105     103      95     111
     111     111     108     109     120     119     112     116     110     130
     123     126     141     138     143     132     155     155     147     170
     139     159     185     153     170     141     133     168     158     130
     129     130     122     119     122     108     102     107      83      99
      85     112      91     118     116     113      89      86      99     118
     102      85     119      93      91     103      94      94      99     100
      91     105      94     105      99      90      89     118     112      95
     100      77     110     129     104     125      80     109     103      94
     109      88     116      94     106      86      92     105     100      97
     101     124      93     105     102     109      95     105      99     100
     108      94     103     109     109      85     105      94      95     107
     104     122      91     108     100      98     107      91     125      94
     105     108     109      90     104     108      84     101      94      97
     101      97      91     105      90     106      99     106     112     101
      94      97     123      74     104     106     127     110     105      98
     106     112     117      97     115      94     104      90      95      98
      94     106     115      85     132      93      97     111     109     107
     118      94      90     106      97     113     103     112     112     107
      94     103      98      97     107      97      95     103      91      95
     101     118     106      99      98     100     117     105     113      94
     106     105     105     107     103     100      99     105     109      91
     112      91     128     113      93      89     107     117     101     104
     119     125     118     102      93     108      89     124     129     124
     155     140     155     145     142     180     176     163     181     194
     215     209     189     183     161     175     143     135     176     164
     156     151     130     159     111     140     123     123     116      97
     105     110     107     127     118     102     105     100      87      85
      81      98     108      81     103      64      85     118     108      98
     105     115     102     119     105     121      89     106      92     107
     103     107     106     121     112     126     136     122     118     121
     129     120     120     113     116     102      93     103     123     102
      86     113     116      95      99     102     121      95      84     109
     103      90      89     100      87      99     102     101      94     101
      92      95      90      93     115      98      80      91      98      85
     112      97      84      85     101      89      88     107      91     102
      81     101      78      94      90      80      75      64      87      91
      86      86      73      81      88      88      83     109     108     110
      89      92      87     113     112      78      88      84     101      90
      87      87      90      91      88      91      88      95      81     103
      91      81      95     107      85      87      89      77      88      86
      94      84      84     103      91      84      78      87      92      95
      90      95      81      91      97      76      95      76      94      92
      91      85      90      86      94     100      78      69      87      97
      88      90      94      90      86      89      89      83     102      98
      86      86      88      83      90      93      86      81     101      89
      84      80      77      75      86      97      78      94      74      88
      86      81      69      76      85      87      77      74      83      86
      66      93      78      86      77      77      95      81      66      83
      82      80      78      99      78      84      89      62      99      87
      73      88      76      76      75      85      82      94      87      74
      80      86      80      95      91     102      78      77      95      75
      87      89      76      81      85      93      77      85      85      89
      92      68      85      92      80      93      87      77      84      88
      71      73      78      88      80      93      68      80      73      76
      92      88      91      75      85      80      84      68      68      83
      75      90      87      69     100      74      87      72     107      74
      78      84      89      80      89      71      60      91      85      86
      81      85      82      83      81      84      81      68      83      95
      80      81      73      89      81      80      87      83      72      87
      89      76      64      76      69      76      69      71      87      65
      91      58      65      74      92      62      99      90      70      81
      71      70      78      76      67      72      75      64      67      66
      76      70      76      75      75      77      74      90      86      84
      77      75      82      91      73      62      87      75      70      87
      74      71      68      58      73      76      80      71      82      64
      60      65      69      68      77      86      75      74      66      59
      73      74      65      72      86      77      65      67      81      69
      91      75      67      77      73      74      64      72      72      82
      82      70      72      67      70      67      71      71      72      68
      60      77      78      66      74      69      75      89      66      69
      68      78      55      69      78      81      71      60      71      72
      71      66      69      76      68      69      65      71      84      71
      72      72      69      77      63      84      56      69      77      49
      62      80      67      72      56      64      80      60      60      65
      72      72      52      71      65      59      57      55      63      59
      76      72      64      72      69      72      88      47      73      74
      65      72      75      77      95      75      67      58      82      81
      76      48      65      55      68      52      80      65      76      65
      57      74      53      70      80      81      63      54      66      76
      72      63      73      57      58      66      66      70      70      69
      57      74      65      66      66      52      57      64      65      59
      62      65      75      68      60      51      63      62      72      70
      70      60      76      53      56      53      56      77      57      62
      63      38      69      63      68      53      59      65      63      73
      66      70      82      64      51      70      51      70      60      53
      72      53      51      55      80      66      81      71      68      75
      60      56      71      45      75      70      65      59      64      60
      54      49      54      65      56      55      55      63      74      60
      60      58      55      49      64      60      59      49      72      76
      71      67      63      54      68      57      80      48      56      67
      72      68      49      53      50      67      63      73      64      53
      60      62      66      70      64      55      75      72      63      59
      68      66      55      70      54      67      63      70      74      48
      55      68      51      73      66      71      76      84      60      72
      48      78      72      58      75      48      50      68      71      78
      70      70      88      88      56      55      57      54      68      68
      70      83      67      65      83      65      88      75      75      63
      91      62      66      69      70      63      82      68      86      77
      57      67      62      82      99      81      68      87      71      74
      71      77      62      58      90      74      93      73      74      71
      68      88      80     102      68     100      71      88     106      91
      93      91     115      97      88     103     108      99      89     117
     103     130      92     109     119     110     100     120     115     128
     134     125     135     137     134     140     145     160     180     145
     163     196     207     207     183     216     215     216     274     262
     292     267     298     291     312     286     322     350     347     348
     371     336     378     356     389     350     422     353     431     442
     461     442     421     423     446     439     434     445     445     369
     470     489     438     411     416     423     381     388     406     415
     409     364     383     381     358     336     325     334     345     321
     292     303     239     305     283     243     255     244     262     240
     204     205     197     178     191     169     164     162     157     171
     163     151     124     123     127     118     118     109     130     112
     104     119      99      99      85     102     100     108     110      92
     107     100      99     109     109     115     136     107     141     123
     126     154     151     156     168     167     163     198     198     187
     209     176     186     216     238     220     249     220     235     197
     212     211     198     220     211     189     182     187     152     177
     144     155     125     142     112     113     101     100     100      85
      82      89      83      76      51      64      66      63      68      56
      65      47      68      60      53      63      53   30261
