$Informacoes da Fluorescencia de Raios-X:
"Sample    : csbr_34686_16p",                                                             
"Operator  : ",                                                                           
"Comment  : micromater csbr 52.3ug/cm2",                                                  
"Group     : kerr2007ab13liv300al",                                                       
"Date       : 2013-03-06 19:36:44",                                                       
"",                                                                                       
"Mesurement Condition",                                                                   
"------------------------------------------------------------------------------------",   
"Instrument : 700HS2   Atmosphere : Vac.   Collimator : 10(mm)   Spin : No",              
"------------------------------------------------------------------------------------",   
"Analyte               TG kV   uA      FI Acq.(keV)  Anal.(keV)  Time(sec)     DT(%)",    
"------------------------------------------------------------------------------------",   
"Na                    Rh 50  296-Auto Al  0 - 20    0.8 - 1.2   Live -  180   19",       
"Channel_info_start",                                                                     
"Channel : Na",                                                                           
"Points : 2048
"Range : 0.000000 - 20.480000",                                                           
"Step : 0.010000",                                                                        
"Channel_info_end",                                                                       
$DATA:
       0    2047
       0       0       0       0       0       0       0       0       0    2048
       0       0       0       0       0       0       0       0       0       0
       0       0       0       0       0       0       0       0       0       0
       0       0       0       0       0       0       0       1       0       1
      16      34      41      44      29      37      35      31      40      25
      40      33      39      26      39      39      38      39      47      38
      42      38      29      38      35      38      35      48      37      28
      25      28      21      33      20      24      34      48      25      31
      30      38      21      34      28      35      39      37      25      29
      30      26      19      33      31      30      30      30      32      30
      31      21      31      33      37      41      30      47      25      41
      31      29      29      41      28      43      32      38      25      33
      17      36      26      41      26      39      23      41      35      33
      37      36      39      41      32      35      57      57      88      66
      72      84      68      55      55      75      69     102     113     134
     193     244     359     439     519     661     709     759     850     832
     811     801     717     646     528     453     439     333     276     243
     159     153     124     108      74      60      70      58      51      48
      54      38      42      44      48      36      43      51      43      34
      53      35      42      55      33      37      35      50      38      35
      48      56      49      64      67      81     101     107     127     117
     134     115      95      98     101      87      62      54      57      44
      47      31      30      38      44      38      32      26      40      33
      30      29      34      35      32      30      33      22      26      39
      41      33      35      26      38      28      36      33      34      33
      49      30      35      54      59      51      54      68      78      77
      88     104     104      83      89      94      90      93      73      70
      43      62      42      47      50      35      36      37      56      42
      39      30      41      39      41      52      44      44      44      51
      61      56      62      84      67      73      81      80      78      93
      68      68      68      68      55      49      52      52      52      46
      41      50      36      38      46      43      41      39      41      53
      26      37      34      39      28      47      47      52      46      44
      59      37      38      46      37      50      40      41      40      41
      49      36      47      43      37      34      51      49      35      53
      54      65      39      48      52      34      41      52      56      71
      72      81      91     102     120     159     180     223     300     373
     494     573     696     763     890    1072    1099    1204    1209    1262
    1207    1143    1063     984     889     802     754     690     648     551
     520     481     395     384     302     271     229     218     207     157
     170     171     179     220     196     188     231     223     233     275
     238     231     221     261     267     277     287     269     319     301
     351     393     494     687     813    1092    1475    1885    2365    3113
    3961    4822    5721    6534    7400    7913    8346    8701    8607    8336
    7829    7220    6115    5559    4452    3679    3004    2315    1719    1272
     950     634     493     399     400     365     343     475     567     774
     998    1313    1682    2172    2593    3325    3703    4268    4710    5055
    5528    5608    5536    5569    5317    5167    4574    4404    4019    3487
    3074    2664    2364    2036    1592    1467    1251    1000     846     740
     708     739     640     711     746     830     912    1046    1157    1232
    1335    1382    1489    1412    1440    1373    1264    1196    1007     872
     787     682     477     475     375     306     275     211     214     221
     193     211     202     202     225     247     297     322     383     442
     494     522     552     629     692     761     711     809     729     709
     718     704     574     548     443     399     347     303     225     251
     219     225     208     211     253     289     271     333     343     413
     427     427     453     442     420     411     431     413     378     325
     297     275     258     189     199     216     182     179     139     130
     132     123     125     135      98     119      92     102      86      80
      79      87      79      68      51      71      59      75      78      76
      62      66      71      76      61      58      61      77      83      88
      83      75      70      77      70      70      87      95      94      99
     102      85      83      83      87      62      86      92     103      72
      98      89      91      83      92      91      89      85      92      98
     104     103     108     120     122     116      96      85      98     120
     111     106     107     106     133     103      99     114      92      99
      97      92     114      97     121      94     120     102     104     103
     105     107      98     130     122     115     131     115     124     133
     112     107     115     114     105     128     103     115     130     138
     117     138     126     117     138     131     156     130     121     132
     112     130     143     125     144     146     119     131     129     129
     158     133     139     135     128      93     117     117     112     122
     108     120     135     103     112     122     108     104     110      99
     101     114     127     110      98     116     113     114     109     123
     120     120     116     125     114     121     130     138     134     145
     160     139     135     131     168     156     130     127     142     146
     158     164     156     155     128     133     140     142     152     150
     133     144     143     138     144     159     145     141     134     162
     141     143     135     151     144     137     150     137     144     125
     148     134     134     156     147     125     138     128     140     145
     155     127     161     151     126     145     150     160     153     171
     162     143     167     161     165     145     140     146     135     159
     138     142     110     129     139     144     113     101     134     114
     121     119     106     130     124     116     114     124     117     142
     142     137     149     135     115     119     146     127     124     117
     123     130     106     128     142     124     135     134     141     157
     152     145     160     151     164     196     176     167     189     206
     186     217     182     207     197     213     176     152     146     164
     163     158     160     145     137     166     125     135     113     130
     117     138     129     147     120     150     134     107     127     120
     151     138     141     139     143     143     142     139     131     156
     147     143     138     132     159     125     128     133     163     143
     132     142     129     146     140     142     126     141     128     127
     116     151     122     137     120     144     131     138     167     135
     147     144     179     114     123     137     156     151     111     147
     150     140     170     145     127     135     121     160     132     142
     134     145     132     153     138     108     131     160     160     105
     131     131     117     129     149     126     125     112     125     124
     123     124     113     116     127     143     109     122     127     128
     123     105     111     132     144     120     117     106     126     114
     131     131     132     126     117     119     141     126     138     139
     133     112     124     119     128     135     143     125     125     128
     142     127     130     155     143     123     137     140     137     116
     127     119     129     148     137     157     126     132     130     123
      95     140     113      89     120     139     107     120     113     115
     119     129     109     111     151     129     137     114     109     139
     107     120     133     146     119     130     101     129     101     112
     119     150     115     110     138     127     111     131     129     119
     121     124     114     138     133     101     138     112     109     126
     126     129     103     121      99     142     142     131     123     117
     113     117     127     117     125     126     115     116     112     113
     131     130      97     130     137     134     117     120     119     115
     144     110     129     113     119     109     102     132     117     126
     143     151     113     110     123     110     128     132     145     124
     113     142     149     129     130     138     130     124     144     158
     162     138     151     149     140     170     145     167     158     155
     180     171     170     152     165     171     184     204     213     265
     294     345     389     559     658     841     975    1301    1612    2011
    2345    2822    3511    4108    4881    5727    6798    7561    8477    9516
   10689   11727   12513   13468   14569   15113   15205   15430   15914   16115
   15647   15333   14785   14065   12987   11970   11461   10504    9211    8212
    7407    6497    5548    4690    3988    3263    2720    2230    1820    1458
    1160     909     728     578     449     412     365     284     212     187
     169     181     152     137     135     152     124     134     130     147
     133     121     109     144     109     144     108     131     112     119
     110     116     132     130     115     105     104     133     121     107
     121     130     120     146     119     111     147     102     123     122
     111     140     108     121     116     109     119     123     117     133
     138     128     131     142     115     134     140     141     133     119
     124     159     126     152     126     132     116     160     146     148
     125     143     159     157     146     147     149     143     187     200
     210     223     251     264     347     365     363     431     538     619
     694     790     913    1033    1168    1277    1412    1596    1686    1888
    2032    2174    2165    2247    2414    2440    2323    2331    2449    2349
    2313    2199    2199    2007    1835    1739    1640    1534    1338    1202
    1145    1007     922     850     727     694     618     497     467     375
     388     377     286     273     236     220     218     197     164     161
     145     144     137     140     132     123     103     124     119     105
     102     102      99     103      89      79     108      87      85      94
      87     110      95      97      96     126      77      90      93      91
      89      80     113      96      92      95      86      90      97      76
      80      77      85      87      90      95      83      86      93      66
      80      85     103      84     103     108      89     101      87      91
      93      94      88      88      93     102     109      85      93      90
      97      88      89     103      81      96      85     102      80      78
      90      85      84      76      94     106      95      72     103      87
      94      95      95      86      83      86      92      98      81      77
      90      81      73      89      71      87      96      89      78      77
      85      75      96      70      84      79      88     108      77      81
      98     103      81      68      84      81      79      96      79      94
      74      83      74      91      80      61      74      70      91      77
      78      85      96      75      87      80      88      88      74      75
      72     105      98      97      75      89      79      78      83      78
      81      92      78      73      74      90      93      94      81      80
      68      94      90      78      69      77      89      79      85      80
      73      87      75      81      86      77      86      80      81      89
      87      73      76      70      92      88      81      74      86      84
      80      78      71      77      84      81      68      74      81      67
      95      88      77      72      91      85      61      86      69      67
      89      81      87      78      71      65      78      89      75      87
      75      66      83      80      87      81      72      70      75      76
      94      89      83      95      57      71      76      72      93      78
      86      83      78      88     101      79      97     107      68      76
      92      87      99     101      73      86      93      78      87      81
      81      79      78      75      74      67      91      76      80      92
      70      89      78      89      62      86      65      72      75      77
      84      91      93      99      73      81      88      66      83      72
      72      65      75      69      72      59      76      70      71      66
      78      83      81      61      73      75      70      61      74      76
      76      83      79      76      77      88      61      69      70      78
      71      68      75      67      61      69      67      75      89      76
      70      62      72      58      74      73      78      58      65      60
      61      80      78      85      68      76      69      56      76      83
      91      72      78      64      65      88      75      76      79      78
      77      62      61      72      73      70      77      75      75      70
      71      73      68      65      74      77      74      76      71      71
      74      64      74      70      67      60      65      73      76      71
      79      71      59      60      59      84      80      73      70      93
      69      72      71      74      69      70      77      73      65      62
      72      79      75      57      72      53      65      73      73      71
      83      68      87      77      77      81      79      76      71      75
      75      80      89      67      75      70      65      70      75      53
      85      77      90      81      99      76      73      83      76      81
      93      84      93      86     108      80      73      77      65      92
      85      86      85      65      69      94      90      83      72      87
      93      98      81      97      95     105      93     108      92      99
      78      92     101      91     102      98     109     109     109     112
      94     113     121     113     121     121     124     131     132     129
     131     134     150     138     146     160     179     158     178     204
     197     185     208     192     235     222     208     224     298     261
     272     230     284     273     291     304     350     309     342     327
     371     363     388     378     409     403     409     397     421     406
     412     401     425     421     448     434     409     440     454     439
     469     442     450     442     463     423     428     397     422     417
     379     359     365     410     370     330     331     321     298     342
     295     304     289     279     290     266     216     251     220     229
     197     192     236     216     167     161     175     191     139     139
     145     127     142     126     133     134     135     125     126      96
     132     122     132     138      95     105     121     108     107     147
     113     117     131     123     113     137     133     156     145     138
     160     179     193     182     204     226     223     257     244     236
     290     286     251     255     304     267     293     283     280     283
     251     292     311     302     264     234     261     228     230     201
     218     189     206     151     167     131     123     123     134     111
     113      86      98     102      89      77      88      94      68      75
      69      61      61      48      74      61      74   47464
