$Informacoes da Fluorescencia de Raios-X:
"Sample    : csbr_15760p16lamfi",                                                         
"Operator  : ",                                                                           
"Comment  : micromatter csbr 47.3ug/cm2",                                                 
"Group     : kerr2007ab13liv300al",                                                       
"Date       : 2013-03-07 13:29:59",                                                       
"",                                                                                       
"Mesurement Condition",                                                                   
"------------------------------------------------------------------------------------",   
"Instrument : 700HS2   Atmosphere : Vac.   Collimator : 10(mm)   Spin : No",              
"------------------------------------------------------------------------------------",   
"Analyte               TG kV   uA      FI Acq.(keV)  Anal.(keV)  Time(sec)     DT(%)",    
"------------------------------------------------------------------------------------",   
"Na                    Rh 50  334-Auto Al  0 - 20    0.8 - 1.2   Live -  179   21",       
"Channel_info_start",                                                                     
"Channel : Na",                                                                           
"Points : 2048
"Range : 0.000000 - 20.480000",                                                           
"Step : 0.010000",                                                                        
"Channel_info_end",                                                                       
$DATA:
       0    2047
       0       0       0       0       0       0       0       0       0    2048
       0       0       0       0       0       0       0       0       0       0
       0       0       0       0       0       0       0       0       0       0
       0       0       0       0       0       0       0       0       0       1
      15      33      46      40      27      35      39      32      43      45
      46      45      40      40      35      37      40      28      41      31
      44      39      30      41      31      46      38      34      41      45
      37      43      38      47      28      26      37      41      45      36
      48      36      29      32      23      35      38      32      36      40
      36      33      39      39      21      30      38      33      24      36
      32      43      37      51      26      50      40      35      41      36
      39      34      45      35      49      37      32      31      27      34
      40      35      40      41      29      28      33      35      39      38
      44      45      41      44      56      52      58      85      64      64
      52      82      67      81      85      67      90     102     134     153
     220     305     396     475     560     720     758     851     863     917
     870     826     783     716     548     486     447     348     320     240
     190     160     124     118     107      71      69      60      54      61
      47      45      35      46      74      53      46      43      49      43
      48      34      32      40      51      37      49      32      29      37
      52      58      43      62      82      72      86      97      88     103
     109      92      80      78      79      71      49      61      58      50
      38      36      34      31      32      36      33      51      38      47
      41      30      46      37      39      35      43      44      43      44
      40      47      37      36      48      40      44      58      36      52
      51      47      40      55      57      72      77      89      88     100
      90     100     117     130     115     140      79     107      91      65
      57      60      50      61      47      57      55      53      50      47
      32      45      40      48      35      56      48      45      46      60
      56      72      63      94      99      90      78     103      90      85
      80      67      92      75      67      58      51      35      40      57
      64      34      29      39      37      36      37      30      45      41
      47      60      51      51      45      57      63      40      53      62
      48      53      28      44      54      60      41      47      36      52
      41      53      44      48      50      37      51      50      48      45
      35      62      48      63      41      45      48      68      57      73
      78      75      84     101     101     145     175     224     236     315
     361     443     535     605     649     717     782     871     866     969
     839     823     868     763     708     749     695     666     546     523
     476     530     424     435     362     290     267     250     209     211
     197     180     168     196     191     196     200     193     179     202
     228     228     223     241     249     251     238     294     312     350
     387     472     604     729     923    1226    1643    2238    2881    3773
    4655    5614    6300    7535    8291    8970    9289    9608    9505    9124
    8521    7970    6867    5968    4896    3862    3114    2382    1810    1389
     960     706     546     460     422     411     442     576     651     912
    1199    1577    1954    2415    2976    3725    4130    4882    5259    5657
    5959    6275    6301    6354    5842    5648    5129    4701    4245    3825
    3194    2936    2500    2148    1773    1555    1323    1145     946     849
     812     732     745     705     873     900    1053    1211    1272    1435
    1482    1538    1570    1625    1560    1438    1400    1264    1072     904
     784     687     502     462     391     310     270     208     197     193
     180     164     174     196     227     257     319     349     383     452
     489     625     638     707     817     863     846     914     779     809
     733     716     626     553     469     401     333     320     253     273
     234     227     260     264     292     292     327     396     440     423
     460     529     488     509     507     485     438     395     400     379
     319     308     280     236     232     182     174     173     167     169
     148     143     135     133     130      99     121     112     119      94
      74      84      94      95      71      58      68      68      62      85
      81      96      77      86      83     101     109      90      90      88
      84      91      74      95      96     105     103     116      97     116
     111     104     100      99     113     117     102     108     111      99
     122     117     117     121     107     148     116     122     114     123
     119     116     135     145     145     147     153     158     151     155
     151     140     154     146     122     158     163     155     135     139
     138     119     170     136     151     146     138     151     137     117
     162     142     132     150     141     156     134     153     155     156
     183     191     165     159     151     185     166     150     147     198
     171     154     145     188     168     181     165     182     159     176
     156     157     180     188     149     137     172     168     165     159
     133     155     132     149     128     159     132     147     125     131
     120     151     128     136     151     120     137     117     137     103
     129     132     130     109     121     112     130     136     119     129
     121     109     139     130     119     139     124     124     123     133
     130     145     142     142     150     133     129     102     130     117
     128     128     134     129     117     132     154     142     145     125
     125     134     124     134     117     105     134     147     136     150
     122     124     121     150     157     123     136     115     118     134
     135     147     149     156     148     141     168     138     153     135
     167     170     156     170     174     158     201     194     183     171
     185     157     199     162     169     185     159     150     173     159
     142     151     159     146     140     186     124     159     132     139
     147     160     151     150     148     170     154     152     158     152
     159     157     156     169     132     169     131     153     177     158
     150     171     152     164     162     168     168     196     196     181
     198     183     205     225     190     217     197     220     203     247
     219     230     236     215     269     208     225     205     228     205
     163     176     179     165     173     163     175     163     163     176
     184     169     151     151     162     159     166     147     169     180
     172     157     166     124     184     143     177     162     147     163
     171     148     154     165     133     145     154     140     133     168
     137     172     146     182     158     151     159     177     136     153
     154     152     125     158     201     153     163     163     151     171
     158     160     150     151     145     149     174     148     164     163
     133     164     156     139     154     121     129     130     148     136
     147     154     154     165     149     155     140     171     133     150
     158     169     151     157     165     158     134     135     118     159
     152     118     141     112     135     153     131     117     148     122
     146     137     154     122     153     154     132     129     145     129
     116     147     154     131     151     130     167     131     147     138
     131     116     163     136     165     135     137     155     135     152
     137     143     155     160     145     147     148     147     163     162
     131     169     141     130     130     151     148     122     143     138
     141     145     137     143     138     154     133     136     153     133
     146     167     143     138     135     172     137     142     160     174
     140     158     150     136     165     142     152     140     148     140
     172     155     139     156     167     158     164     148     135     140
     146     152     130     168     148     145     139     130     148     145
     158     157     140     138     148     160     149     139     138     141
     145     147     155     138     143     140     137     130     148     131
     151     148     137     156     142     163     131     120     158     162
     130     151     143     138     145     156     157     149     148     137
     170     133     162     147     142     156     159     142     148     149
     147     150     147     145     123     156     167     182     170     154
     166     154     156     168     177     180     157     155     177     170
     177     203     196     182     204     196     223     216     263     307
     388     433     493     603     725     924    1181    1504    1729    2230
    2641    3339    3904    4751    5387    6560    7373    8440    9172   10465
   11729   12780   13471   14064   15501   15769   15802   16216   16609   16261
   15745   15603   14864   14520   13118   12445   11667   10333    9027    8420
    7161    6281    5313    4485    3945    3206    2636    2185    1700    1333
    1078     839     749     594     427     360     375     258     233     202
     194     163     154     152     158     152     152     171     162     141
     141     131     129     150     145     145     124     145     132     141
     128     133     129     150     147     135     135     126     128     151
     118     133     147     123     137     135     131     131     119     130
     133     148     117     147     130     150     139     152     153     137
     138     162     138     139     128     150     148     148     155     154
     165     188     147     134     141     132     129     138     180     149
     146     163     167     171     189     193     184     196     192     204
     256     238     312     297     355     418     446     540     598     705
     844     874    1009    1140    1297    1492    1654    1790    1835    2089
    2169    2325    2337    2406    2548    2438    2561    2532    2604    2467
    2313    2236    2211    2060    1842    1775    1672    1559    1325    1239
    1169     986     899     819     751     673     627     577     518     470
     427     366     342     292     263     236     250     217     200     182
     166     165     169     140     157     136     129     133     123     111
     131      98     105     100     113     109     112      97     118     104
     113     115     126     115     129     108      99     109     108     112
      89     116      95      91      78     106     115     104      92     103
      99     102     109     103     118      97     100     100     111     109
      97      94      97      85      91     108     104     104      98      86
     103      91     109     102     107     102      97      95     103     116
      97      96     115     134     102     109      96     108     111     104
     101     105      91     102      94      91      73     101      97      94
     103      81     108      87      97     112      90      91     102     101
      94      98     105     102     108     123     107     104      98      94
      96     100     102      99     100     107     101      95      86     108
     104     122     112     106     107     107     105     104      87      94
      85     104     105     113     113     105      90      84     115     101
      99      90     114     120     100     112      92     116     123     101
      96      87      99     101     102     100      94      89     104      91
      86      98      95      80      94     101      78     100     104      95
      91      96      91      97     101      85      96      97      87      90
     103      96      83      94      96      92      90      98     104     103
      88      83      83      94      78      97      87     112     100     103
      97     100      87      79     111     117      98      80      77     107
      88      92      81      86      75      85      82      82      88      82
      81      74     104      89     101      82      67     114     106      77
      86      83      86      63     103      95      90     100      89     115
     107      85     108      77     104      98     106     109     124     101
     114      95     104      83      98      99     114     111     104      83
     114      95      91     104     111      77     108      87     105     109
      96      92      85      97      81      84      92      78      99      92
      89      92     102      75      94      70     111      96      89      79
     107     104     100      89      91      90      82      87      86      98
     109      83      79      91      95      96      73      80      85      90
      99      73      90      84      72      95      71      75      75      79
      90      81      74      90      71      90      92      84      85      87
      84      86      75      92      82      86      90      80      94      86
      89      87      83      77      87      75     103      71      95      84
      69      71      99      82      86      85      89      75      82      91
     103      85      79      77      86      75      72      68      79      91
      90      79      92      91      64      81      88      85      82      79
      75      78      89      82      75      79      70     101      81      86
      88      83      72      87      81      81      94      84      74      77
      80      98      95      72      89      78      82      82      95      74
      75      81      69      78      73      75      92      74      75      71
      71      87      88      83      81      88      86      83     104      94
      75      61     114      89      81      85      98     106      83      94
      86      91      70      84      94      82      96     102      92      94
      84     106      77      82     111      72      98     105      99      88
      75      95      89      80      90      89      81      87      89     100
     111     103      85      95     112     106     121     128      97      90
     116     106     108      95     100      91      99     137     111     118
     123     111     133     134     116     114     137     137     132     118
     124     141     138     151     142     165     149     160     169     174
     165     177     174     165     186     189     173     217     217     188
     233     232     255     260     285     254     267     263     346     278
     306     329     319     340     360     387     399     393     418     422
     476     427     440     441     476     460     467     493     538     490
     554     453     564     521     518     529     483     503     525     495
     568     536     480     503     476     487     502     464     433     470
     471     454     408     423     385     428     413     399     383     356
     369     322     294     326     303     311     304     253     278     250
     240     219     231     230     204     184     205     158     202     186
     175     157     181     156     173     159     133     131     119     126
     129     106     118     136     128     136     124     123     141     123
     131     129     147     135     163     176     157     175     175     169
     184     219     217     218     228     223     257     259     323     299
     269     295     310     301     308     287     338     283     327     329
     293     278     308     325     282     287     283     266     282     231
     247     217     223     160     200     182     152     153     156     121
     124     108     102     115     104      82      85      91      72      67
      81      69      82      69      88      67      66   53920
