$Informacoes da Fluorescencia de Raios-X:
"Sample    : cu_31521p16lamfi",                                                           
"Operator  : ",                                                                           
"Comment  : micromatter cu 50.5ug/cm2",                                                   
"Group     : kerr2007ab13liv300al",                                                       
"Date       : 2013-03-07 13:12:46",                                                       
"",                                                                                       
"Mesurement Condition",                                                                   
"------------------------------------------------------------------------------------",   
"Instrument : 700HS2   Atmosphere : Vac.   Collimator : 10(mm)   Spin : No",              
"------------------------------------------------------------------------------------",   
"Analyte               TG kV   uA      FI Acq.(keV)  Anal.(keV)  Time(sec)     DT(%)",    
"------------------------------------------------------------------------------------",   
"Na                    Rh 50  215-Auto Al  0 - 20    0.8 - 1.2   Live -  179   21",       
"Channel_info_start",                                                                     
"Channel : Na",                                                                           
"Points : 2048
"Range : 0.000000 - 20.480000",                                                           
"Step : 0.010000",                                                                        
"Channel_info_end",                                                                       
$DATA:
       0    2047
       0       0       0       0       0       0       0       0       0    2048
       0       0       0       0       0       0       0       0       0       0
       0       0       0       0       0       0       0       0       0       0
       0       0       0       0       0       0       0       0       0       0
      11      22      14      17      13      18      14      22      17      18
      18      26      13      13      13      13      20      15      18       8
      15      10      18      16       9      14      19      14      24      18
      16      15      15      20      13      14      16      18      14      16
      10      10      17      10      25      31      28      28      40      43
      33      43      39      60      69      86     121     177     217     209
     293     303     308     313     379     342     307     295     247     206
     174     137     119      79      55      54      46      37      19      27
      25      24      25      22      13      19      13      13      18      23
      13      12      22      14      20      11      16      17      11      12
      15      14      23      17      19       6       6      16      26      16
      14      16      13      23      20      26      15      18      19      14
      18      14      17      18       6      14      11      14      19      16
      13      17      19      18      17      12      18      16      15      16
      16      26      31      23      16      24      18      19      27      14
      19      17      20      20      30      17      24      16      24      29
      28      39      27      43      51      56      63      67      72      78
      64      73      84      66      63      56      51      30      28      18
      22      16      26      13      23      20      16      28      18      29
      25      41      43      57      72      86      79     111     109     111
     102     119     106      98      81      72      49      39      37      42
      25      24      28      23      32      20      30      24      15      18
      13      24      14      27      19      17      24      24      31      17
      16      30      16      23      15      23      20      17      19      18
      16      18      18      11       9      11      23      12      19      15
      16      13      18      23      24      15      25      16      12      20
      20      25      19      17      19      15      17      14      17      18
      22      12      17      12      13      15      13      12      19      16
      17      16      12      22      23      17      12      17      13      18
      18      22      11      19      20      23      18      16      11      15
      17      19      18       6      18      13      22      17      18      23
      15      24      18      22      25      25      15      24      30      32
      31      34      50      52      64     105     119     135     185     243
     298     378     505     502     635     756     743     787     848     773
     741     713     652     512     431     349     271     215     162     126
      99      69      75      41      53      38      40      43      51      40
      54      66      64      67      84      81     109     107     124     119
     108     122     118     118      98      99      73      85      77      59
      42      43      45      44      20      22      23      31      19      24
      27      26      28      28      26      28      25      18      32      27
      31      42      41      42      43      41      33      37      39      40
      39      38      37      38      56      44      37      45      55      39
      34      37      47      51      50      59      40      59      55      40
      36      46      47      51      40      46      44      41      49      31
      37      40      38      34      36      43      36      43      40      37
      41      28      25      26      29      40      27      36      38      29
      44      44      34      36      29      29      30      32      38      27
      34      38      44      33      40      36      34      39      47      34
      38      32      30      39      45      30      25      37      45      45
      40      43      33      39      44      36      36      34      30      33
      46      50      39      31      41      46      41      36      52      44
      41      53      45      41      42      42      37      39      45      40
      34      34      30      46      50      43      40      43      43      49
      29      50      36      39      40      41      36      42      45      58
      45      65      45      43      34      46      56      66      57      49
      54      63      45      57      59      70      69      68      64      80
      64      78      91      77      78      77      97      70      74      72
      80      81      72      88      79      88      66      72      89      83
      92      88      96     101      94     106     126      94     122     124
     163     148     154     164     154     166     153     177     188     184
     185     186     167     147     169     155     139     126     109     134
     112     118     116      96      83     100      89     102      81      88
      81      92      78      83      88      82      79      65      92      84
      82      99      75      93      88      89     101      99      82      87
      84      77     101      91     108      97     106      92      99      81
      96     112      99      96     100     101     103      98     110     113
      94     122     106     111     107     107     105     132     111     126
     136     123     113     112     121      95     107     109     107     116
     102     120     125     123     100     109     120     120     111     129
     115     128     135     123     105     113     111     118     119     122
     111     110     116     114     120     136     130     119     116     120
     130     128     111     124     142     115     134     122     138     138
     116     124     105     139     119     133     148     133     151     141
     158     156     161     177     170     175     163     174     189     197
     193     203     204     223     231     293     333     375     431     547
     772     953    1283    1868    2465    3248    4329    5792    7651    9688
   11809   14857   17909   21432   24201   28041   32313   35442   37460   40441
   42922   43665   43185   42894   42328   40548   37069   34673   31197   28167
   23778   20318   17468   14550   11311    9276    7247    5506    4117    3203
    2360    1742    1217     857     627     476     348     285     222     205
     169     158     163     158     160     150     118     160     118     164
     164     152     169     154     139     141     166     164     164     158
     192     174     191     178     179     206     203     197     216     239
     248     226     249     269     300     334     360     363     453     573
     594     766     899    1119    1274    1594    2031    2290    2569    3045
    3659    3927    4206    4567    5002    5321    5340    5670    5823    5631
    5310    5194    5136    4691    4141    3807    3571    2984    2582    2194
    1929    1481    1211     994     768     654     497     400     322     255
     215     157     113     113      89      95      89      70      91      86
      74      85      83      78      73      78      92     105      83      73
      78      74      73      82      66      87      74      82      86      79
      81      82      86      77      80      98      91      84     105      86
      82      91     111      70      72      98      91      97      96      93
      71     102      95      80      91      96      93      86      74      85
      68      80      94      83      85      81      72      78      83      77
      82      78      91      85      81      81      72      79      83      61
      80      63      71      86      54      69      65      73      77      72
      85      89      91      67      72      75      71      70      63      73
      77      71      65      71      57      59      78      80      67      69
      68      61      73      61      74      86      55      70      65      74
      69      73      91      77      80      59      80      77      84      82
      75      65      73      60      79      60      69      73      68      82
      77      71      75      66      63      70      77      71      74      59
      60      73      84      71      83      72      60      67      80      69
      73      68      72      65      69      68      68      66      70      88
      75      81      65      86      70      78      72      67      82      75
      66      73      70      61      60      67      81      80      80      75
      63      81      70      65      81      60      75      75      71      80
      85      71      71      80      63      63      73      96      82      81
      71      80      59      79      82      77      61      88      65      73
      65      60      66      78      50      71      67      74      66      73
      55      78      70      85      79      77      75      74      65      85
      69      63      68      59      73      73      46      73      69      87
      73      74      80      65      69      68      74      71      77      78
      71      57      64      63      69      75      88      66      65      84
      71      72      69      85      72      73      79      68      68      65
      85      70      66      64      58      77      79      68      69      70
      57      50      64      72      57      60      54      67      61      61
      59      59      63      57      68      67      75      63      66      68
      68      66      58      67      63      49      67      65      68      61
      71      80      75      56      66      75      70      85      51      67
      73      81      50      75      69      52      77      72      80      61
      61      69      55      64      59      82      70      72      74      65
      64      70      69      60      61      70      55      67      80      68
      56      60      57      63      72      58      69      63      54      55
      60      65      69      75      63      83      59      65      72      69
      72      70      75      88      80      68      66      60      60      71
      80      64      73      61      73      60      54      47      64      61
      65      67      69      52      63      65      61      60      50      55
      52      67      70      64      57      64      55      49      71      52
      51      80      67      79      59      65      63      60      57      77
      66      47      56      44      65      67      66      61      72      55
      61      74      50      80      71      85      70      73      49      58
      45      56      64      54      52      57      55      59      59      55
      54      50      60      56      67      53      66      57      51      53
      61      72      54      53      63      69      66      44      63      68
      64      61      54      46      47      60      67      38      67      68
      54      70      54      66      53      60      51      60      78      71
      61      56      51      54      60      71      69      68      52      57
      49      56      55      51      63      79      58      60      53      60
      49      66      57      60      55      47      63      47      49      37
      66      70      66      54      50      72      41      58      45      47
      63      49      61      54      53      59      65      44      49      55
      55      52      60      51      74      55      49      42      55      42
      51      44      57      54      57      64      59      50      60      46
      39      45      57      57      64      56      55      59      56      65
      69      59      42      56      47      67      38      57      41      49
      66      40      43      37      52      54      63      60      54      45
      43      49      39      44      64      55      55      51      66      57
      57      57      52      49      56      56      49      56      58      66
      61      56      53      65      49      44      80      46      34      49
      41      69      41      50      58      46      49      53      49      58
      64      65      51      60      28      61      63      52      47      49
      53      43      45      42      45      47      47      54      52      46
      50      67      52      61      53      43      42      54      53      67
      51      50      65      66      63      73      73      65      74      58
      96      95      89      98     101     109     123     105     135     132
     138     116     134     136     134     136     137     137     122     121
     120     139     150     111     112     109     107     115      85      92
      94      67      86      66      68      82      59      58      65      61
      47      43      49      59      33      60      56      59      42      47
      32      38      44      40      49      50      65      54      50      47
      40      52      49      41      49      51      49      54      50      49
      63      40      34      47      41      55      51      56      47      47
      71      61      71      61      49      53      47      59      53      61
      77      68      70      55      83      71      77      79      56      89
      69      66      71      66      68      73      75      79      63      55
      59      56      60      57      61      63      51      59      56      54
      63      59      45      50      58      52      58      55      61      58
      47      78      53      59      74      67      68      93      82      55
      71      63      79      72      96     103      89     110      84      91
      96      77      96      89      93      84      88      79      85      83
      66      72      94      65      59      64      81      55      61      57
      65      53      54      52      59      60      59      45      68      50
      41      45      56      59      51      46      61      51      50      33
      52      45      52      56      52      46      59      46      40      41
      49      49      68      45      31      68      45      70      39      56
      50      38      49      42      65      53      47      53      47      50
      41      57      52      39      50      44      42      53      50      47
      56      63      69      39      47      52      51      46      51      51
      63      69      65      53      57      63      59      56      71      51
      56      74      51      67      71      54      61      80      41      66
      68      63      65      64      81      73      78      82      78      74
      82      77      89      74      96      85      84     102      91      89
     105     100     116     126     107     100     123     111     127     116
     147     134     124     149     154     176     168     201     180     209
     215     201     196     210     240     232     226     263     247     272
     273     273     278     289     338     277     271     317     319     290
     316     336     321     322     323     298     332     350     308     328
     342     320     303     323     300     300     294     268     291     291
     258     251     251     255     267     259     218     231     212     208
     232     197     178     179     183     205     167     182     158     174
     166     143     124     163     115     112     107      94     112      97
     106      95      87     107      96      88      80      72      92      66
      91      83      81      61      59      69      87      61      74      80
      72      82      98      71     102      75      83      78     100      74
     115     105     116     115     109     137     139     153     141     165
     161     170     168     149     162     151     160     143     151     192
     158     146     171     142     143     121     148     130     136     115
     121     109      85      98     102      87      64      81      83      81
      60      47      69      50      54      36      57      44      45      39
      52      41      44      40      40      36      26   22444
