$Informacoes da Fluorescencia de Raios-X:
"Sample    : dyf3_31517",                                                                 
"Operator  : ",                                                                           
"Comment  : micromatter dyf3 50ug/cm2",                                                   
"Group     : kerr2007ab13liv300al",                                                       
"Date       : 2013-03-07 15:32:32",                                                       
"",                                                                                       
"Mesurement Condition",                                                                   
"------------------------------------------------------------------------------------",   
"Instrument : 700HS2   Atmosphere : Vac.   Collimator : 10(mm)   Spin : No",              
"------------------------------------------------------------------------------------",   
"Analyte               TG kV   uA      FI Acq.(keV)  Anal.(keV)  Time(sec)     DT(%)",    
"------------------------------------------------------------------------------------",   
"Na                    Rh 50  334-Auto Al  0 - 20    0.8 - 1.2   Live -  179   19",       
"Channel_info_start",                                                                     
"Channel : Na",                                                                           
"Points : 2048
"Range : 0.000000 - 20.480000",                                                           
"Step : 0.010000",                                                                        
"Channel_info_end",                                                                       
$DATA:
       0    2047
       0       0       0       0       0       0       0       0       0    2048
       0       0       0       0       0       0       0       0       0       0
       0       0       0       0       0       0       0       0       0       0
       0       0       0       0       0       0       0       0       0       3
      17      22      27      21      24      27      25      21      15      21
      32      22      32      26      29      22      21      29      22      18
      15      20      25      25      23      22      21      24      32      22
      21      24      25      25      20      17      17      21      29      18
      25      16      21      27      19      25      18      16      15      22
      26      19      22      19      22      21      24      27      31      27
      33      38      49      69      89      94     128     116     119     138
     144     150     128     114     112      98      90      76      58      59
      51      54      51      64      55      74      59      67      72     123
     145     202     276     427     473     671     798    1014    1113    1246
    1432    1450    1452    1453    1332    1183     988     815     683     574
     404     303     222     196     178     148     137     176     161     160
     170     190     179     149     134     142     122     129      92      94
      88      79      92     107     101     101     114     127     137     109
     143     129     108     103     104      85      67      81      63      30
      48      57      43      41      44      40      39      24      52      45
      39      57      60      76      77      81      88      96      99     106
     124     122      98      85      89      77      66      56      38      40
      43      35      31      21      30      33      32      30      27      22
      26      17      24      30      27      22      21      17      22      31
      19      25      21      14      34      19      21      19      20      21
      17      12      22      24      16      25      20      19      23      21
      26      19      24      14      21      32      16      23      20      21
      24      14      34      33      35      29      42      36      34      32
      35      35      31      29      25      33      32      26      27      31
      31      30      20      25      31      40      22      35      24      27
      22      27      25      27      19      19      21      16      33      33
      25      29      27      22      17      26      21      34      22      24
      15      27      26      30      24      27      20      17      35      24
      42      30      24      26      35      27      24      26      33      29
      21      18      31      25      27      29      34      23      26      31
      20      30      33      30      34      24      33      26      48      48
      39      50      53      86     107     149     183     229     276     396
     472     576     745     853     947    1123    1152    1268    1246    1200
    1169    1049     978     878     670     544     475     345     289     187
     167     123      96     111      77      83      79      78      77      92
      78      76      92     129     108     148     161     155     193     220
     183     183     189     196     161     131     125     116     108      70
      83      85      73      57      76      60      57      43      51      48
      38      33      39      58      52      35      36      55      64      58
      47      44      62      56      66      74      61      52      73      44
      72      74      66      70      62      76      74      69      68      94
      90      67      75      77      93      82      85      75      98      94
     108     100     124     124     116     103     105     131     117     125
     132     133     148     128     142      97     133     117      97      99
     106     106      86      87      80      91      81      73      78      63
      57      72      77      77      66      73      67      67      88      77
      63      74      76      76      89      72      75      66      61      76
      66      74      60      67      83      75      74      85      76      91
      76      80      70      80      80      85      82      87      74      85
      76      87      92      90      87      97      89     114      89     103
      99     107      89     107     107     113     146     114     146     134
     129     142     132     136     134     132     148     171     180     200
     238     273     304     324     402     532     513     676     695     767
     788     896     910     940     848     880     836     835     664     654
     597     519     439     413     355     315     266     230     234     187
     179     178     153     160     168     161     163     152     143     133
     134     179     167     146     143     147     156     167     178     207
     153     182     180     202     163     194     193     213     204     211
     210     213     224     259     245     337     340     451     590     747
     968    1246    1597    2188    2819    3698    4776    5837    7044    8944
   10044   12004   12825   14507   15956   16942   17502   18527   18252   18055
   16791   15909   14980   13672   11531   10397    8543    7354    5703    4563
    3674    2949    2119    1739    1216     964     750     562     448     384
     302     292     274     222     231     228     225     186     190     203
     213     221     197     218     222     210     207     211     234     215
     222     201     224     223     245     218     283     259     259     305
     284     360     387     525     633     737     962    1270    1599    2033
    2537    2975    3607    4467    5208    6126    6895    7822    8436    9367
    9895   10336   10338   10700   10662   10439   10367    9644    8988    8418
    7554    6682    6514    5521    4988    4201    4075    3463    2934    2662
    2252    2057    1815    1648    1473    1341    1195    1258    1243    1280
    1308    1516    1693    1933    2028    2172    2506    2683    2761    2992
    3077    3189    3069    2957    2988    2684    2458    2346    2325    1981
    1602    1473    1315    1125     942     779     671     573     493     401
     391     328     252     268     259     229     212     207     182     187
     172     184     170     182     165     200     202     198     198     216
     206     220     222     247     233     241     244     254     244     302
     257     277     278     272     261     273     326     281     306     305
     297     352     383     379     450     447     522     634     736     862
     897    1101    1167    1313    1307    1507    1543    1704    1673    1782
    1718    1692    1581    1527    1482    1413    1233    1133    1029    1002
     830     736     654     590     571     510     483     501     517     515
     513     570     636     623     730     677     769     739     791     829
     848     765     793     796     741     736     685     669     580     538
     533     472     414     358     359     330     331     289     262     268
     263     241     237     227     193     220     225     244     236     245
     238     260     239     241     213     203     220     207     221     183
     196     187     187     162     172     182     172     162     151     156
     153     150     147     149     147     150     164     137     160     160
     146     178     175     182     131     173     156     175     160     142
     173     160     150     142     151     152     142     147     150     154
     144     142     167     134     146     157     171     134     129     169
     164     153     155     140     132     146     126     128     145     168
     152     143     157     148     147     171     148     110     152     150
     153     113     145     151     147     114     168     136     132     143
     132     130     147     147     108     140     166     142     126     115
     131     145     118     125     147     149     124     147     145     136
     124     143     136     142     129     143     135     150     129     138
     120     147     133     120     136     141     120     141     156     163
     122     149     157     140     116     127     153     109     138     141
     140     126     130     150     134     151     149     135     115     131
     133     145     144     155     128     140     124     151     119     114
     137     140     143     134     149     128     136     132     148     117
     119     163     118     126     131     146     140     150     123     117
     137     137     152     157     137     136     134     136     140     118
     151     149     143     132     143     135     125     131     137     137
     132     136     159     138     137     150     124     143     137     136
     131     130     145     138     142     146     133     138     153     128
     147     135     131     130     141     128     118     137     106     132
     153     137     120     130     126     104     133     131     118     138
     131     146     112     130     153     142     141     132     119     132
     138     120     112     133     130     129     123     131      96     147
     135     129     109     128     123     117     124     129     110     137
     133     110     124     111     101     133     112     127     120     107
     129     135     144      96     112     131     124     122     109     126
     127     126     126     129     128     127     131     135     108     119
     125     104     115     110     131     122     108     147     122     130
     106     119     145     111     116     115     128     120     105     103
     122     145     118     101     117     123     124     120     122     119
      97     146     110     133     115     122     122     101     103     117
     128     112     111     122     131     115     122     124     133     118
     122     128     125     118     114     104     108     127     120     114
     105     113     113     105     112     111     115     125     124     129
     127      96     128     106     133     112     119     124     108     120
     117     119     111     108     130     137     124     125     137     123
     123     120     133     140     132     137     140     116     115     137
     141     109     116     132     126     137     116     130     119     131
     122     111     130     127     122     120     129     122     113     118
     107     120      86     111     114     114     131     104     101     107
      94     105     112      98     112     113     118      93      92     114
     125      96     115     101     127     123     108     123     120     114
     104     111     107     117     104     128     110     103     111     120
     120     123     133     134     138     133     119     127     138     137
     133     117     105     108     145     120     119     143     101     132
     118     129      97     135     132     119     108     122     131     131
     117     100     110     111     108      94     129     123      96     103
     101     100     115      92     117     107     120     115     108     116
     104     103     106      90     110      99     142      95      98     105
      97      93     103     103      98      95     119      97      94      99
     106      89      92      99      95      86     107      99     114     126
     103     134     110     105      97     110     107     103     105     110
     110     106     109     103      94     114     113      98      82     119
      98     105     110      89      97      97     122      95     112     104
      87     110     115     111     108      90      92      90     103     122
     114      97     107      89     124     124     110     105     106     113
      99     108     122      96     125     100     107      90     109      87
     115     132      92      89      96      92     107     100      95     103
      98      86     112      88      83      76     108      95     113      85
      96      99     104      95      99     103     108      77      78      89
      86      94      98      94      83      78      91     103      82     107
      94      91     106      89      92      93      97      85     103      91
      86      82     113      88      77      93      95      92      90      96
      93      88      99     100     116      94      88      89     111      93
      92      88      82      93      83      95      93     108      92     101
      70      83      91      78      77      88     108      82      88     109
      97      81     108      95      73      80      92      83     101      81
      90      88      91      82     101     103      74     120      72      86
      96      87      79      79      92      81      95      73      69      75
      86      83     105      77      97      99      77      59      94      93
      75      71      88      91      83      79      77      80      73      71
     111      86      94      96      86      85      79      72      86      91
      93      71      83      96      91      73      88      95      75      91
      83      86      70      83      95      83      91      62      78      90
      89      83      88      86      89      86      75      87      83      86
      73     101      82      74      80      81      85      78      76      97
      69      66      82      66      86      82      82      79      85      89
      83      93      77      54     100      98      74      74      80      90
      70      86      85      74      95      77      75      90      86      71
      93      86      77      92      81      91      83      74      80      83
      85      89      86      90      83      80      73      78      87      71
     101      81      90      88      74      89      74      63      82      85
      76      71      87      60      80      94      72      95      83      87
      86      78      73      70      86      83      74      77      72      80
      82      79      94      77      72      73      71      85      74      87
      83      74      88      73      81      88      82      64      78      89
      78      73      90      95      77      77      89      95      77      80
      79      96      81      94      85      82      93     104      81      87
      74      73      87      85      89      94      70      68      86      80
      95      88      82     111      82      94     105      80      95     100
      60      81     100      91      83     100     108     106     107      91
     112      88     108      90      90     106     114     101      97     106
     101     109     103     125     114     144      98     129     138     124
     152     143     134     132     145     130     136     152     152     137
     161     163     147     165     164     169     194     192     202     221
     217     198     223     225     254     266     270     266     292     274
     312     303     317     338     333     327     368     378     394     351
     438     410     416     396     443     472     450     465     477     468
     491     460     477     508     526     502     501     506     518     513
     506     512     486     489     471     512     499     503     473     489
     443     454     447     420     363     385     392     387     368     369
     356     352     318     333     309     300     291     263     276     241
     248     242     250     212     186     198     190     181     175     167
     173     173     157     149     165     124     128     116     112     149
     130     118     128     113     131     127     133     134     119     130
     147     151     144     129     175     152     194     150     187     194
     212     200     255     219     255     245     286     314     308     316
     306     309     321     321     347     365     299     345     332     356
     322     279     361     329     292     273     343     337     230     236
     222     215     223     198     173     168     162     149     155     140
     148     126     107     100      81      85      92      74      81      72
      79      60      53      74      57      60      63   37269
