$Informacoes da Fluorescencia de Raios-X:
"Sample    : fe_34677_16p",                                                               
"Operator  : ",                                                                           
"Comment  : micromater fe 52.7ug/cm2",                                                    
"Group     : kerr2007ab13liv300al",                                                       
"Date       : 2013-03-06 18:14:14",                                                       
"",                                                                                       
"Mesurement Condition",                                                                   
"------------------------------------------------------------------------------------",   
"Instrument : 700HS2   Atmosphere : Vac.   Collimator : 10(mm)   Spin : No",              
"------------------------------------------------------------------------------------",   
"Analyte               TG kV   uA      FI Acq.(keV)  Anal.(keV)  Time(sec)     DT(%)",    
"------------------------------------------------------------------------------------",   
"Na                    Rh 50  215-Auto Al  0 - 20    0.8 - 1.2   Live -  179   21",       
"Channel_info_start",                                                                     
"Channel : Na",                                                                           
"Points : 2048
"Range : 0.000000 - 20.480000",                                                           
"Step : 0.010000",                                                                        
"Channel_info_end",                                                                       
$DATA:
       0    2047
       0       0       0       0       0       0       0       0       0    2048
       0       0       0       0       0       0       0       0       0       0
       0       0       0       0       0       0       0       0       0       0
       0       0       0       0       0       0       0       0       0       2
      14      14      19      20      14      15      10      16      13      16
      15      10      14      13      13      24      13      12       6      13
      15      19      16      10      18      11      15       7       9      22
      11      16      14      22      24      22      24      29      33      23
      35      33      62      43      38      33      36      23      21      24
      17      12      17      10      17      16      17      13      16      11
      13      14      16      14      13      12      23      15      10      16
      16      11      16      19      16      14      20      13      19      14
      14      14       6      15      10      16      14      10      18      16
      16      18      14      13      12      10      13      12      16       9
      12      17      15      17      15      12      11      21      17       7
      15      17      22      22      19      19      23      22      27      28
      22      24      18      18      23      27      15      16      17      14
      17      14      14      20      17      14      13      19      19      21
      21      22      21      23      27      26      21      20      17      19
      16      22      19      23      28      23      27      19      31      33
      32      32      32      44      42      54      56      80      64      75
      97      79      64      78      56      54      46      50      35      23
      31      21      17      32      11      17      12      20      21      15
      24      18      19       9      19      19      12      21      16      14
      16      16       9      15       3      16      12      14      22      11
      11      20      20      13      19      13      14      17      21      15
      15      10      12       7      26      18      20      14      17      16
      14      12      15      17      23      26      16      18      14      18
      14      17      21      16      17      24      22      21      19      20
      16      19      19      23      19      27      26      20      15      22
      22      18      19      26      12      20      16      14      19      19
      15      10      18      20      17      17      15      18      12      20
      29      20      24      18      18      23      18      18      16      18
      28      17      13      20      12      18      20      16      18      12
      16      17      21      18      30      33      14      12      16      17
      18      19      18      22      13      19      23      31      23      33
      35      42      43      51      75     105     108     161     195     291
     329     412     433     558     717     714     729     845     813     898
     873     770     671     656     468     389     294     258     167     148
     117      85      73      70      50      53      48      66      64      66
      68      68      65      80      99     102     108     118     120     139
     127     135     121     123     110     102      84      65      62      49
      64      44      35      38      29      32      26      31      31      27
      22      24      24      24      44      33      47      39      40      45
      33      32      38      29      32      38      49      43      45      44
      53      39      43      52      48      50      55      52      59      67
      62      70      69      96      93     126     125     150     159     172
     188     198     251     243     197     225     215     201     199     168
     162     131     132      96      85      81      76      60      85      62
      48      63      55      47      60      51      62      44      57      57
      60      50      61      49      53      45      51      46      45      57
      40      63      46      47      55      57      63      43      61      52
      46      66      62      67      65      66      42      62      66      78
      64      87      87      82      92      67      86      99      99      78
      89     102      95      79      90     123      92      99     122     116
      87     108      90     110      97      83      98     104      95     104
     113      88      78     100     106      98      99     103      89      83
      90      85      89      83      89     118      76      86      66     103
      77      78      73      86      82      76      92     101      75     117
      73      85      96     104      87      93      77     110     113     102
      95     131     129     122     105      96     122     141     123     151
     148     145     144     161     161     199     152     202     199     216
     207     221     244     267     284     349     396     516     652     907
    1221    1690    2374    3360    4772    6260    8363   10865   14205   17723
   21012   25764   30004   34609   38088   41538   45678   47308   47198   49974
   46374   45061   40718   37525   33356   29789   24493   21161   16776   13550
   10253    8000    5930    4433    3016    2352    1520    1060     792     539
     450     326     285     220     214     197     179     182     187     196
     174     189     178     200     195     200     192     213     233     252
     226     241     300     334     360     395     511     564     739     859
    1079    1359    1653    2006    2427    2891    3433    3925    4343    4789
    5349    5638    5764    6022    6344    6284    5783    5607    5256    4739
    4262    3726    3253    2787    2179    1834    1431    1157     814     671
     536     402     307     244     189     145     112     123      85      85
      86      63      83      89      72      73      89      69      84      71
      99      78      89      85      82      84      86      83      72      93
      79      83      82      73      75      64      67      72      69      77
      77      80      93      96      81      70      80      85      72      93
      75      72      83      67      72      76      87      75      87      78
      68      77      81      87      96      77      60      73      82      96
      78      61      89      85      94     100      79      90      93      90
      73      84      73      81      92      88      87     102      84      84
      76      82      92      73      67      67      79      73      79      77
      77      71      85      79      71      77      67      71      93      68
      77      90      82      80      94      99      88      81      92      75
      83      81      90      89      86      73      82      80      90      79
     105     112      93     111     118     109     110     122     123     110
     141     129     127     106     117     144     133     108      98      98
      99      95     112     104      93      75     100      80      85     105
      84      83      81      80      80      81      76      69      78      72
      77      67      73      85      81      80      72      71      77      77
      85      80      76      82      83      72      78      80      76      82
      67      68      76      79      88      78      66      67      86      56
      68      79      73      65      76      65      80      83      92      66
      70      66      71      77      68      78      87      75      71      64
      83      75      78      75      63      63      61      76      87      77
      81      94      77      99      81      69      79      90      65      67
      79      84      96      80      68      56      71      84      76      87
      73      77      85      84      73      89      90      81      90      81
      72      69      71      77      71      65      86      88      62      88
      94      72      77      88      73      79      77      82      78      81
      99      88      96      85      89      73      89      87      92      76
      88      81      85      99      72      82      66      78      88      53
      83      89      88      63      79      71      78      86      86      76
      79      82      98      70      81      86      80      72      86      78
      82      90      64      95      88      93      65      76      93      70
      88      73      69      76      77      62      71      75      82      78
      80      59      80      57      65      56      70      65      61      56
      66      67      73      88      79      71      60      65      59      73
      76      73      81      69      62      66      56      64      68      76
      63      66      64      75      76      80      82      76      65      78
      80      79      79      79      70      79      77      57      63      69
      72      57      79      83      84      98      80      76      52      66
      89      66      77      82      63      76      87      83      73      59
      65      80      63      68      71      69      65      77      66      80
      76      89      69      68      79      93      77      67      88      77
      54      77      67      70      50      55      62      80      84      83
      73      76      65      83      67      75      81      60      75      68
      54      73      71      79      73      71      89      78      69      67
      81      72      61      64      68      54      57      85      79      79
      77      76      55      66      70      78      65      55      79      79
      68      73      75      63      84      51      63      73      65      66
      71      50      65      71      68      70      85      68      76      87
      67      65      61      56      67      78      69      67      53      59
      60      59      67      71      68      63      62      56      54      62
      65      83      61      61      80      80      64      59      64      72
      64      71      83      72      71      71      88      84      66      62
      93      78      84      95     111      93     100      98     142     115
     110     149     148     162     166     138     144     146     155     192
     162     152     162     177     158     159     139     134     139     123
     118      76     109     104      75      88      76      75      68      86
      80      70      64      68      60      60      54      54      77      79
      68      70      76      76      71      56      77      72      64      76
      78      76      55      63      73      76      76      63      61      81
      72      96      79      83      77      80      95      83      90      89
      79      77      87      92      90      85      77      71      95      84
      88      75      82      90      70      94      67      67      70      78
      66      75      69      68      70      69      72      65      68      69
      53      69      59      68      60      60      68      69      61      72
      69      62      61      62      79      70      67      50      79      62
      81      57      56      66      67      51      69      71      68      76
      84      86      68      63      62      64      72      72      62      69
      65      66      79      61      68      76      72      67      69      75
      64      67      57      45      54      60      61      51      69      60
      51      69      69      56      48      60      65      62      60      53
      62      51      54      53      63      55      56      57      52      51
      62      61      47      62      68      63      67      65      54      55
      59      45      66      51      45      44      57      64      65      68
      46      53      52      55      73      54      52      57      59      53
      64      53      61      60      52      67      62      59      65      70
      54      75      59      54      52      51      56      59      55      59
      66      69      43      64      47      61      49      47      50      49
      61      62      54      64      59      56      46      54      61      51
      67      44      46      43      46      47      55      47      56      44
      42      51      55      47      47      51      57      54      46      42
      67      55      40      60      46      59      59      51      48      46
      52      66      43      49      46      52      60      52      50      48
      67      52      47      49      68      49      63      37      49      65
      54      50      47      45      61      47      39      51      65      54
      55      42      40      45      45      60      50      54      56      63
      48      50      38      47      51      42      55      44      55      46
      47      63      48      43      53      50      44      29      63      51
      43      39      62      47      44      61      67      49      49      39
      49      45      49      64      62      56      44      51      48      55
      52      45      51      51      50      44      54      46      56      47
      51      45      40      44      65      51      56      53      50      45
      59      49      49      45      47      38      50      44      48      48
      53      67      50      57      67      60      50      37      55      55
      44      53      51      49      43      52      50      48      46      56
      44      45      40      54      48      50      39      53      59      39
      43      47      37      48      38      37      60      59      54      66
      70      44      44      51      48      54      46      44      45      45
      46      49      52      47      47      50      52      57      50      39
      54      37      51      45      63      54      50      39      49      40
      36      54      43      59      45      60      56      44      46      46
      55      51      46      38      53      47      52      46      47      47
      47      39      51      55      42      52      47      52      54      40
      46      50      56      42      43      54      44      48      47      37
      48      45      49      33      48      51      51      44      51      42
      55      61      49      51      50      49      46      48      32      51
      56      49      50      53      57      52      43      42      37      49
      43      43      46      38      52      38      57      60      55      43
      50      50      45      46      53      56      63      50      69      55
      54      49      66      51      60      61      59      56      64      63
      62      56      55      62      53      60      68      59      65      50
      67      65      71      68      55      84      65      65      70      79
      55      77      78      73      84      64      76      77      64      73
      76      84      75      96      82      79      90      92      99      94
     102     115     102     106      98     114     125     122     115     113
     158     136     160     150     162     171     160     156     192     207
     183     184     212     237     208     183     231     249     263     245
     245     298     264     242     317     308     282     290     312     300
     286     278     334     319     278     310     338     346     340     341
     366     325     331     338     362     323     298     328     331     270
     311     276     264     262     264     285     257     250     263     226
     226     207     182     207     225     198     197     166     191     172
     145     176     161     147     145     133     148     132     129     120
     114      98     102     105     109      86      78      77      99      70
      86      79      96      88      76      84     105      61      80      61
      93      73      83      85     105      77      90      98     103     109
     100     113     111     138     134     115     148     129     145     148
     163     158     145     160     181     158     155     178     175     158
     167     162     162     174     147     144     171     138     154     119
     113     147     117     104     109      90      71      68      79      79
      66      53      70      61      48      51      50      48      54      56
      49      40      34      46      36      47      45   23083
