$Informacoes da Fluorescencia de Raios-X:
"Sample    : ge_34684_16p",                                                               
"Operator  : ",                                                                           
"Comment  : micromater ge 52.6ug/cm2",                                                    
"Group     : kerr2007ab13liv300al",                                                       
"Date       : 2013-03-06 19:28:06",                                                       
"",                                                                                       
"Mesurement Condition",                                                                   
"------------------------------------------------------------------------------------",   
"Instrument : 700HS2   Atmosphere : Vac.   Collimator : 10(mm)   Spin : No",              
"------------------------------------------------------------------------------------",   
"Analyte               TG kV   uA      FI Acq.(keV)  Anal.(keV)  Time(sec)     DT(%)",    
"------------------------------------------------------------------------------------",   
"Na                    Rh 50  196-Auto Al  0 - 20    0.8 - 1.2   Live -  179   21",       
"Channel_info_start",                                                                     
"Channel : Na",                                                                           
"Points : 2048
"Range : 0.000000 - 20.480000",                                                           
"Step : 0.010000",                                                                        
"Channel_info_end",                                                                       
$DATA:
       0    2047
       0       0       0       0       0       0       0       0       0    2048
       0       0       0       0       0       0       0       0       0       0
       0       0       0       0       0       0       0       0       0       0
       0       0       0       0       0       0       0       0       0       0
      12      35      32      31      37      38      34      24      28      32
      23      23      20      27      21      15      27      22      13      17
      23      23      23      25      17      27      21      15      19      16
      23      21      18      18      27      18      15      28      17      21
      13      16      22      13      29      15      20      16      18      20
      17      15      20      18      14      14      24      13      18      25
      13      19      24      19      18      27      28      32      46      52
      60      83      92      89      88      97      95     106     120     165
     169     284     372     447     587     756     902    1026    1139    1134
    1139    1068     993     926     765     701     582     535     322     295
     207     192     143      91      64      68      52      55      33      37
      40      22      25      22      20      22      19      18      22      15
      14      19      10      24      18      10      13      12       7      14
      18      17      12      10      21      16      18      17      11      14
      16      12      24       8      12      24      19      12      18      14
      13      18      18      19      16      16      23      22      23      21
      21      31      24      37      55      27      45      59      55      53
      67      59      47      60      49      35      34      37      32      25
      16      16      20      21      12      13      16      15      12      10
      12      15      14      13      17      12      17      13       7       7
       5      21      15      15      18      13      15       7      11      15
       6       7      12      10       8      14      11      14      17      13
      10      21       7      13      17      10       8       8       8      14
       8      13      11      17      22      17      12      28      13      17
      16      12      12      13      15      23      18      17      16      14
      17      15      16      16      24      19      17      17      15      23
      17      16      15      17      13      13      16      11       8      17
      15      16      13      12      14      11      11      15      16      15
       8      11       7       8      16      18      12      19      11      18
      14      15      17      19      19      13      17      23      20      15
       8      17       6      11      14      18      17      16      15      15
      16      20      11      18      16      20      10      14      19      25
      24      33      21      39      59      85      93     124     178     217
     282     348     450     499     569     643     689     720     727     717
     684     594     555     484     386     326     260     187     165     126
      82      55      42      65      47      49      35      45      40      34
      51      50      49      54      90      98      87     122     116     100
     115     100     111     116      75      83      67      83      48      59
      48      53      35      35      29      31      33      19      28      22
      23      28      23      23      24      24      25      32      28      19
      32      36      34      32      30      41      35      38      40      40
      40      35      37      40      51      37      36      45      48      39
      34      54      33      51      42      41      43      52      36      56
      56      34      47      46      52      59      38      47      39      33
      42      35      33      42      32      36      43      46      29      30
      40      45      39      35      37      34      30      36      29      36
      37      42      32      35      23      37      32      38      35      30
      30      36      45      18      34      30      30      41      34      21
      40      36      32      39      34      48      36      38      31      34
      36      29      30      37      30      49      40      30      36      34
      33      33      40      40      36      41      47      40      45      46
      37      39      50      46      45      45      45      37      43      48
      39      40      36      45      39      47      34      48      45      31
      35      35      34      30      45      49      51      49      51      45
      33      50      46      49      53      52      42      51      35      65
      47      50      50      50      51      57      45      52      60      54
      47      46      56      47      65      60      55      60      45      52
      57      56      55      71      71      68      60      56      62      55
      72      60      72      53      51      82      77      42      58      76
      76      56      75      89      64      76      72      77      82      67
      73      93      67      78      82      95      89      86      92      86
      85      93      80      83      75     103      94      89      81      76
      69      81      65      86      87      83      93      94      80      93
      80      81      80     102      90      92      71      73      63      83
      59      84     109      85      82      98     100      71      77      93
      75      69      90      99      77      86      92      72      98      87
      84      78      90     101      88      99      84      74      94      81
      97      85      72      87     101      73      78      83      87      77
      84     102      80      76      85      77      69      98      85      87
      81      73      80      83      74      87      78      83      68      88
      70      83      72      94      70      78      95      81      90      89
      92      99     105      99     112      91      90      93      91     107
      93     101      92      94      81      94      76      84      82      91
      87      73      95      73      71      85      85      88      59      74
      81      90      91      91      72      86      74      84      77      82
      86      88     101      92      82      90      88     101      81      92
      98     106     112     115     101     134     116     142     112     136
     143     146     145     140     140     143     168     150     147     138
     153     155     145     155     128     138     124     130     115     121
     107     124      98     119     110     104      95     107      95     110
      97      93      84      91     103      52      87      68      83      86
      97      91      87      65     103      97      92     102     110     100
     113     103     105      99     125     137     125     118     147     124
     155     151     110     145     132     129     143     134     125     118
     115     107     111     111      86      94      91      83      89      84
      91     108     100      91      77      90      86      73      94      88
      92      98      86     101     100      88      99      84      82      85
      81      82      87      90     104      98      72      71      95      85
      94     102      85     107      98     119     120     117     109     109
     105     116      99     100     117      93     113      95     122     116
     110     105     116     108     105     129     121     152     135     148
     148     138     142     148     152     146     143     129     176     163
     183     180     182     177     212     205     249     253     313     405
     526     682     858    1119    1446    1900    2417    3106    3919    5377
    6385    8077    9980   12155   14295   16942   19176   22151   23987   26623
   29841   31823   33005   34641   36242   36745   35995   35175   35151   33064
   30537   27956   27775   24041   20642   18207   16115   13910   11115    9378
    7833    6165    4889    3776    3112    2276    1795    1347    1055     790
     567     414     406     295     223     198     178     167     141     138
     156     128     135     108     129     129     103     116     135     140
     118     111     124     122     110     129     118     139     113     137
     118     126     111     122     134     165     121     122     121     129
     128     141     120     137     128     163     158     141     127     152
     171     162     153     154     164     197     199     218     198     215
     245     283     324     318     410     500     590     696     750     986
    1210    1383    1554    1790    2187    2435    2852    3200    3480    3918
    4058    4431    4689    4896    4949    4995    5159    5183    4822    4621
    4647    4225    3901    3669    3304    3011    2627    2333    2101    1780
    1546    1261    1123     905     741     604     543     404     365     303
     265     210     162     146     135     112     109      98      88      90
      70      73      84      58      63      66      66      68      77      45
      53      46      68      64      65      69      60      55      62      67
      53      77      68      86      63      55      68      68      65      62
      62      71      54      66      58      57      59      63      66      66
      72      59      58      64      52      72      63      55      56      49
      60      72      73      65      67      64      63      81      66      70
      49      74      69      47      53      63      62      81      62      71
      70      63      54      65      75      63      62      60      73      57
      69      63      54      67      56      67      70      70      48      64
      73      70      57      78      67      59      66      58      70      65
      58      65      65      53      50      50      60      65      59      57
      66      66      57      65      57      53      64      56      84      76
      68      57      71      58      58      62      60      60      56      64
      62      46      58      60      60      75      54      55      60      50
      73      65      70      62      58      56      58      65      60      72
      65      50      56      70      52      63      50      58      52      48
      55      49      65      49      68      53      60      58      50      73
      62      55      59      66      54      51      72      51      66      56
      67      52      66      58      51      46      42      57      57      62
      54      59      47      57      72      52      46      48      48      45
      57      54      49      63      64      42      58      55      47      59
      67      73      56      67      57      54      55      65      51      73
      52      50      69      58      52      46      55      59      52      65
      51      63      53      60      64      60      58      49      56      53
      57      52      57      56      59      62      69      41      45      55
      78      57      48      64      38      48      56      58      49      59
      51      68      67      48      75      55      63      54      54      59
      58      50      47      59      56      53      53      57      59      50
      56      41      67      50      53      62      52      80      62      52
      39      39      49      42      58      59      51      32      54      56
      60      54      54      49      65      58      55      62      47      49
      46      52      57      45      39      63      56      46      49      53
      52      68      50      45      43      56      58      53      59      50
      43      54      53      58      57      48      59      50      53      54
      70      50      56      53      50      50      51      40      52      52
      46      49      46      53      55      52      57      45      40      45
      63      60      60      62      36      49      52      54      51      45
      49      56      63      51      49      50      42      43      55      51
      52      48      51      50      37      52      46      55      40      49
      57      53      58      47      43      52      41      47      45      43
      63      54      55      50      50      36      49      58      31      40
      49      56      38      53      46      33      40      54      60      47
      40      57      45      38      47      43      46      41      48      50
      53      43      40      49      49      55      38      45      58      51
      48      43      52      42      40      43      52      37      53      40
      52      46      47      43      49      50      37      36      57      48
      42      43      35      50      41      53      41      47      52      39
      41      48      52      43      48      43      50      55      40      43
      37      37      63      43      46      45      43      46      40      42
      42      54      35      36      38      58      43      46      58      53
      43      46      45      40      56      48      45      46      46      45
      39      45      54      41      43      39      48      52      40      54
      47      40      48      40      41      34      33      35      40      45
      37      60      48      48      43      51      28      49      40      50
      39      42      40      41      30      49      35      52      36      50
      56      39      39      42      51      33      33      54      38      45
      52      40      40      37      40      45      35      40      49      48
      35      43      42      37      46      30      49      50      39      45
      46      53      43      51      51      36      47      54      28      48
      43      45      46      42      48      47      42      43      45      31
      51      46      42      40      34      49      41      36      43      38
      46      45      45      56      47      50      46      41      40      33
      41      52      32      41      42      42      35      52      42      36
      43      37      42      39      34      43      47      39      56      46
      46      35      55      38      56      52      37      49      43      49
      51      40      36      49      45      57      47      54      45      40
      49      46      48      35      46      36      45      48      36      48
      37      48      41      57      57      52      49      52      45      47
      48      55      50      56      45      51      42      40      63      45
      47      50      54      39      35      52      50      53      56      56
      46      62      47      49      57      39      54      52      64      58
      52      45      55      66      63      71      52      58      69      67
      67      60      66      69      68      68      71      68      69      77
      82      73      62      80      97      66      90      84      71      95
     107     100      91     106     101      89      98     126     103     104
     130     128     132     144     133     150     141     144     164     187
     154     162     206     211     216     192     178     204     225     256
     215     238     234     223     280     244     246     253     285     276
     268     297     274     303     290     285     279     284     245     268
     313     276     257     289     287     229     247     258     262     278
     267     223     262     259     239     194     211     239     221     174
     207     163     197     183     177     181     174     164     191     179
     152     140     156     153     141     138     181     142     145     147
     152     158     141     147     161     134     144     152     146     165
     151     136     156     128     148     137     133     135     134     111
     115     125     118     110     123     138     120      94     136     128
     120     123     135     111     105     111     127     120     139     121
     146     141     147     126     164     152     152     169     165     151
     145     146     159     137     156     152     141     136     141     145
     113     106      94      88      90      90      69      70      73      76
      50      66      58      54      64      52      37      53      46      36
      46      45      42      34      46      31      37   21661
