$Informacoes da Fluorescencia de Raios-X:
"Sample    : ge_31504p16lamfi",                                                           
"Operator  : ",                                                                           
"Comment  : micromatter ge 49.5ug/cm2",                                                   
"Group     : kerr2007ab13liv300al",                                                       
"Date       : 2013-03-07 13:21:20",                                                       
"",                                                                                       
"Mesurement Condition",                                                                   
"------------------------------------------------------------------------------------",   
"Instrument : 700HS2   Atmosphere : Vac.   Collimator : 10(mm)   Spin : No",              
"------------------------------------------------------------------------------------",   
"Analyte               TG kV   uA      FI Acq.(keV)  Anal.(keV)  Time(sec)     DT(%)",    
"------------------------------------------------------------------------------------",   
"Na                    Rh 50  215-Auto Al  0 - 20    0.8 - 1.2   Live -  179   21",       
"Channel_info_start",                                                                     
"Channel : Na",                                                                           
"Points : 2048
"Range : 0.000000 - 20.480000",                                                           
"Step : 0.010000",                                                                        
"Channel_info_end",                                                                       
$DATA:
       0    2047
       0       0       0       0       0       0       0       0       0    2048
       0       0       0       0       0       0       0       0       0       0
       0       0       0       0       0       0       0       0       0       0
       0       0       0       0       0       0       0       0       0       1
      20      31      33      34      33      22      26      19      30      27
      28      27      23      22      23      23      34      27      31      29
      30      20      29      23      26       9      19      26      23      13
      15      22      23      26      18      19      19      14      21      23
      27      13      16      18      12      21      19      16      11      25
      23      22      18      14      13      25      11      26      25      12
      17      15      27      30      26      32      29      37      49      65
      63      54      73     107      81      81      93      91     124     147
     191     287     324     503     586     751     907    1125    1122    1224
    1201    1195    1080     966     831     723     528     530     353     314
     213     157     132     130      82      62      59      53      37      42
      26      28      35      27      23      29      19      27      30      19
      25      22      25      29      16      15      27       9      12      19
      12      13      12      16      13      14      15      19      17      23
      15      25      17      15      15      18      18      20      19      10
      20      18      16      31      25      19      17      19      17      20
      27      37      33      65      53      50      49      62      59      69
      63      79      68      62      54      37      35      46      27      23
      14      29      19      27      14      15      18      10       9      14
      12      16       9      26      10      13      11      17      15      14
      15      16      14      16      15      14      14      19      14      12
      15       9      11       9      17       6      14      12      14      11
       9      15      15       6      12      15       4      14      13      10
      12      21       7      14      15      25      13      11      23      15
      19      21      12      21      15      15      13      18      19      17
      22      18      17      21      19      12      17      14      22      12
      13      19      14      15       9       6      14      16      10      18
      17      15      14      19      16      22      12      16      15      13
      21      13      12      15      18      12      11      12      19      19
      25      14      22       5      21      18      13      19      20      12
      19      10      17       9      16      19      15      18      19      17
      18      16      16      19      18      25      18      27      22      25
      28      27      44      55      52      77     115     157     181     211
     315     397     428     542     671     688     712     778     841     799
     765     664     605     550     445     369     243     242     175     114
      82      83      64      52      38      50      53      38      52      37
      64      52      68      92      76      91      90     127     123     140
     126     133     120      99      89     102      72      79      53      63
      37      36      33      33      28      35      17      25      32      28
      28      22      25      26      32      30      23      35      37      33
      31      36      44      27      37      43      36      33      38      37
      19      41      42      45      36      37      50      33      43      47
      45      47      54      50      44      45      60      64      50      53
      63      47      50      59      48      46      51      46      37      44
      28      54      51      42      42      44      42      35      44      36
      39      46      46      32      42      36      41      43      31      36
      36      37      35      38      35      41      41      38      42      35
      33      28      39      44      46      37      36      39      30      45
      31      38      47      32      35      30      28      34      28      31
      21      38      39      37      42      38      38      35      36      39
      47      42      38      49      39      37      35      39      45      51
      46      29      39      52      48      52      25      36      44      25
      39      38      42      37      47      38      53      34      41      43
      32      44      47      41      36      62      35      41      53      35
      49      49      48      52      49      48      54      51      53      75
      49      46      38      49      60      61      67      63      58      61
      61      58      65      73      54      57      64      57      49      69
      81      60      73      57      62      79      61      55      66      55
      66      66      73      54      63      65      72      76      80      63
      60      85      64      70      68      81      62      72      79      74
      85      77      75      76      88      79      99      77      84      99
      91      92      92      91      81      96      85      73      90      88
      81      74      90      73      72      79      76      99      75      77
      75      97      90      98      80      81      75      85      89      90
      99      93      83     102      78      91      73      85     106      95
      88     106      88      94      74      74      88      96      91      86
      92      93      72      81      80      96      80      85      95      92
      92      81      85      78      98      92      74      82      83      96
      91      94      84      92      72      91      98      98      84      69
      86     102      84      86     105      69      73      88      88      77
      89      99      93     100     116      82     108      93     106      98
     102     121      84     122     106     109     105     110      93      92
      95     115     101     105     101      94      84      96      95      98
      91     102      97      82      92      65      77      94      81     115
     113      88     111      73      89      84      78     104      74      80
      91     102      82     118      84     113     105     108      98     108
      93     115     118     101     112     138     112     145     134     136
     155     171     153     148     178     166     181     160     168     154
     155     165     163     121     139     159     124     133     112     118
     123     101     101     100     109     127     107     100      99      82
      94     116     106      93     110     105     110     114      95     106
     112      96      83      88      97     111     106     127     117     111
     100     147     127     138     111     155     155     127     187     144
     137     145     154     146     154     148     128     137     129     133
     136     118     110     122      93     101     110      88      96     105
      95     114      92      84     110      98     108      84     104     108
      86     116     117     108      84      79     101      83      98      90
     108     112      88      98      96      77     106      85     101     102
      97     104     116      88      99     104     112     102     125      98
     114     116     121     118     114      97     125     120     116     118
     148     110     125     139     155     124     122     139     133     113
     152     134     143     146     150     148     153     179     153     166
     192     202     180     226     217     241     268     327     356     446
     631     689     837    1193    1631    2136    2681    3493    4553    5645
    7032    8660   10932   13176   15095   17963   20863   23223   25458   28301
   31342   33098   34171   35801   37356   37321   36680   35401   35761   33080
   30818   28284   27734   23432   20501   18181   15947   13334   11104    9323
    7507    6023    4673    3641    2934    2125    1640    1273     953     773
     551     429     349     244     244     196     170     182     155     133
     150     141     118     123     136     133     146     106     138     143
     137     137     120     122     133     123     123     124     127     126
     141     136     140     127     134     108     132     150     158     129
     150     156     141     145     131     168     142     137     164     166
     176     164     188     179     175     201     195     217     234     238
     263     307     304     379     489     504     622     800     815    1041
    1303    1529    1640    1961    2358    2567    2915    3423    3866    4001
    4301    4513    4826    5057    5117    5204    5188    5238    4885    4680
    4549    4285    3937    3721    3220    2959    2647    2273    1995    1799
    1473    1282    1006     899     739     544     498     410     350     291
     251     187     164     142     114     141      92      78      92      95
      99      96      77      73      70      82      61      79      57      51
      67      67      72      64      53      74      70      64      79      59
      72      69      68      90      64      72      67      72      64      82
      66      63      58      66      73      91      73      55      76      58
      68      66      75      62      67      80      61      53      75      58
      69      61      65      69      76      60      75      72      63      67
      54      73      72      78      68      70      75      53      72      64
      64      72      77      61      68      82      63      60      68      74
      70      80      59      61      60      41      75      51      76      63
      67      66      68      68      78      74      52      50      66      68
      57      66      70      59      66      66      66      57      60      61
      64      61      67      62      67      64      54      59      73      65
      62      63      69      67      57      60      62      77      48      53
      57      53      58      72      66      64      80      66      61      66
      88      70      76      68      67      66      62      57      63      54
      67      67      63      70      72      59      62      57      59      70
      67      69      68      60      65      67      66      76      67      65
      66      69      59      63      77      52      63      64      70      64
      60      66      68      51      61      65      72      77      66      57
      63      61      59      72      82      49      70      65      66      50
      62      62      64      70      62      50      63      60      67      51
      76      50      66      66      62      63      66      53      51      67
      58      63      64      59      46      53      70      51      61      63
      61      75      55      58      65      66      79      53      69      51
      64      73      61      62      63      49      57      58      53      67
      60      47      57      48      62      57      45      63      50      63
      53      53      51      69      52      58      70      65      65      66
      78      68      65      55      43      59      53      47      66      64
      47      53      55      60      72      63      47      51      60      72
      58      52      62      59      69      58      53      49      60      44
      41      46      60      52      58      47      53      55      65      51
      54      47      67      55      43      48      50      55      61      55
      60      45      61      54      46      57      65      51      64      49
      43      58      63      67      57      48      57      53      50      52
      51      62      61      51      42      42      57      52      57      49
      62      46      61      59      66      62      63      69      49      57
      52      49      44      46      57      57      52      61      41      49
      62      60      54      49      52      59      43      61      53      45
      49      54      55      45      53      48      59      46      46      45
      48      59      49      50      54      62      54      53      47      60
      36      51      48      36      44      51      65      48      42      62
      61      46      54      59      59      49      61      51      52      55
      48      65      48      57      49      44      53      49      57      58
      64      52      54      62      50      48      52      57      45      38
      35      54      53      43      49      52      62      35      59      45
      48      47      46      55      66      52      47      52      55      45
      43      47      49      39      41      55      51      46      50      57
      55      47      55      67      52      48      58      57      47      53
      51      59      60      55      47      49      50      54      49      47
      52      41      62      52      52      50      59      55      60      51
      38      45      43      44      52      46      68      50      47      54
      45      49      46      58      51      46      48      60      47      57
      59      36      60      46      36      32      45      48      48      45
      54      46      55      57      41      43      49      57      43      61
      58      41      57      42      50      44      45      55      38      44
      44      44      47      37      42      44      47      43      44      64
      52      44      46      44      58      50      47      45      44      64
      42      36      37      39      48      49      45      45      49      44
      45      63      47      50      41      54      51      49      43      53
      47      50      50      54      73      46      46      45      52      50
      54      53      58      57      31      37      47      52      33      37
      51      54      39      43      66      62      49      50      49      57
      37      37      52      41      35      52      50      39      60      53
      45      53      39      45      45      49      42      41      55      37
      46      43      44      44      51      46      48      44      49      55
      48      57      45      45      59      47      37      50      52      50
      50      38      58      64      51      41      39      45      53      44
      50      41      58      46      49      48      55      57      42      32
      64      54      57      53      43      49      54      51      46      65
      55      65      65      46      57      52      53      47      57      61
      52      60      51      53      53      67      62      67      64      60
      79      54      77      58      54      49      70      64      66      59
      77      76      72      64      64      75      97      67      75      78
      68      92      83      75      77      95      96      92     130      92
      92      92     113      90     100     102     134      99     134     146
     132     154     145     131     163     156     169     142     203     175
     197     184     222     224     242     226     261     241     228     255
     266     271     276     250     257     292     285     284     286     299
     308     301     300     330     324     288     329     292     334     290
     365     316     287     292     333     287     279     288     313     260
     263     253     283     256     243     249     249     238     253     213
     236     215     194     170     190     201     176     188     182     154
     164     149     176     154     158     150     176     143     165     175
     163     161     171     145     172     180     163     159     150     148
     154     160     145     150     136     139     156     128     154     134
     149     140     170     108     136     113     139     101     133     115
     120     133     122     158     132     139     113     158     132     157
     166     166     148     174     176     170     156     157     177     171
     176     141     175     177     146     136     149     123     147     110
     109     110     106     108     100     108      76      94      80      57
      73      64      57      62      42      46      54      33      59      41
      58      43      48      43      45      43      32   23190
