$Informacoes da Fluorescencia de Raios-X:
"Sample    : in_34694_16p",                                                               
"Operator  : ",                                                                           
"Comment  : cubatao-g-policarbonato",                                                     
"Group     : kerr2007ab13liv300al",                                                       
"Date       : 2013-03-06 20:20:54",                                                       
"",                                                                                       
"Mesurement Condition",                                                                   
"------------------------------------------------------------------------------------",   
"Instrument : 700HS2   Atmosphere : Vac.   Collimator : 10(mm)   Spin : No",              
"------------------------------------------------------------------------------------",   
"Analyte               TG kV   uA      FI Acq.(keV)  Anal.(keV)  Time(sec)     DT(%)",    
"------------------------------------------------------------------------------------",   
"Na                    Rh 50  496-Auto Al  0 - 20    0.8 - 1.2   Live -  179   20",       
"Channel_info_start",                                                                     
"Channel : Na",                                                                           
"Points : 2048
"Range : 0.000000 - 20.480000",                                                           
"Step : 0.010000",                                                                        
"Channel_info_end",                                                                       
$DATA:
       0    2047
       0       0       0       0       0       0       0       0       0    2048
       0       0       0       0       0       0       0       0       0       0
       0       0       0       0       0       0       0       0       0       0
       0       0       0       0       0       0       0       1       0       1
      33     100      69      94      82      75      53      72      73      68
      58      61      65      89      61      67      71      63      62      72
      78      65      68      60      67      63      68      67      65      67
      67      73      68      68      64      60      82      59      79      56
      61      70      65      64      76      70      62      50      69      58
      70      60      50      63      63      60      68      64      71      63
      81      65      61      72      54      60      63      55      68      50
      67      76      67      76      69      75      63      91      65      88
      72      96      68      97      75      82      76      93      76      86
      73      78      63      83      82      65      82     100      63      73
      77      69      92      84      61      88      88      93     108      92
     101     102      88     103     133     131     151     176     195     234
     231     236     291     289     271     268     263     225     191     180
     152     163     118     131     100     116     111     130     176     150
     170     186     198     195     199     200     208     163     155     161
     150     132     128     125     110     137     123     129     133     127
     143     154     172     166     176     191     202     193     238     259
     233     227     221     216     176     157     147     154     108     107
     123      79     100      77      99      94     110      92      82      98
      83      81      81      77      98      88      82      77      87      78
      71      87      86      72      72      79      83      75      70      77
      75      82      77      87      87      90      90      77      87      71
      85     100      84      87      86     103      96     112      91      96
     107     121     104     141     134     148     160     149     162     180
     204     202     173     200     238     235     242     312     293     384
     381     450     510     582     660     683     777     801     885     906
     887     877     768     816     681     607     601     487     447     458
     391     402     356     428     399     425     472     497     525     602
     558     641     769     863    1009    1350    1953    2530    3320    4620
    5791    7659    9047   10911   12273   14133   15013   16037   15643   15635
   14346   13232   11727   10256    8328    7238    5738    4881    4269    4045
    4173    4492    4981    5784    6511    7479    7847    8355    8698    8804
    8563    8400    7970    7332    6612    6033    5174    4984    4267    4069
    3691    3551    3414    3341    3469    3645    3619    3719    3798    3845
    3693    3598    3437    3110    2715    2437    2144    1741    1463    1200
    1010     855     786     777     717     767     776     830     921     963
     950    1082    1033     967     937     892     850     789     666     662
     557     542     469     429     420     422     416     422     448     478
     475     542     575     589     587     572     544     496     482     462
     413     325     291     262     206     158     144     132     125      83
      87      78      77      82      78      90      74      79      85      74
     101      88      60      81      79     108      97      87      94     120
     106      93     108      82      96     119     110     112      74     101
     117      82     102     117      94      99      85      89      94     110
      98      84      70      89     108     100      85      87      68      96
      85      73      83      88      76      70      74      81      92      68
      79      90      75      85      71      74      87      79      76      86
     113      74      91      97      78      98      64      78      79      71
      90      92     100      85      93      89      88      81      97     101
      94      77      83      81      90     103      79      94     108      96
     113     117     129     136     141     123     142     145     172     143
     212     214     187     219     234     272     279     280     256     269
     319     257     316     297     290     305     285     306     286     257
     271     277     244     275     262     258     224     194     223     230
     205     231     201     184     198     202     188     185     190     169
     156     176     171     187     171     177     160     152     144     151
     144     159     147     135     157     162     151     173     146     164
     135     163     154     147     160     183     155     150     172     154
     154     159     152     152     148     167     183     171     152     158
     147     178     147     178     162     155     162     154     166     178
     161     179     181     179     179     167     185     162     164     208
     184     184     154     201     183     188     172     170     171     192
     175     170     173     158     176     190     171     176     166     173
     143     164     156     169     181     186     174     187     186     166
     181     207     198     188     172     193     199     174     195     202
     175     186     188     175     193     192     224     200     204     179
     151     190     190     175     171     217     201     193     184     175
     198     185     185     175     199     183     181     190     171     199
     174     175     200     186     162     159     199     161     180     184
     179     175     194     158     183     185     179     171     202     169
     164     166     196     166     193     167     176     192     183     183
     185     199     180     185     166     196     183     173     188     170
     188     198     165     167     177     203     146     180     171     194
     192     191     181     209     212     177     174     180     209     192
     224     202     188     206     198     225     216     221     209     222
     224     224     215     222     204     222     224     216     228     258
     224     233     230     249     261     272     233     277     272     267
     269     271     274     242     291     318     252     298     272     295
     252     298     271     277     271     239     277     266     269     253
     249     271     258     277     278     265     263     288     292     280
     251     310     291     276     257     297     263     261     277     273
     261     279     276     247     287     275     267     275     271     320
     297     264     279     280     300     320     346     341     318     371
     312     322     314     341     345     353     297     291     296     292
     282     283     259     276     223     249     241     224     218     261
     243     224     230     235     235     221     200     225     222     232
     220     220     248     217     237     207     245     194     203     205
     201     202     220     230     241     243     190     195     201     215
     198     229     205     223     186     207     207     232     193     209
     224     223     204     244     213     175     184     199     219     180
     209     196     216     228     212     222     216     176     180     199
     215     188     189     223     190     198     223     221     217     209
     186     204     234     207     195     192     210     217     204     206
     224     234     214     198     173     225     210     227     178     206
     179     221     216     190     200     189     186     201     185     174
     204     181     215     208     195     228     220     188     195     214
     191     189     180     166     230     198     177     205     210     210
     208     204     190     186     222     205     195     202     195     210
     180     208     194     209     207     220     201     207     200     232
     210     178     239     205     221     215     192     187     206     201
     177     187     187     208     217     189     212     202     171     195
     183     183     185     199     219     188     193     201     238     179
     223     200     222     198     198     193     213     217     200     218
     196     230     225     220     207     228     207     210     217     191
     196     205     217     218     181     210     198     204     190     183
     195     212     217     236     207     203     214     223     222     202
     198     203     191     225     221     195     232     183     233     227
     217     215     217     207     218     183     232     221     201     237
     206     212     205     216     204     212     194     207     213     218
     233     176     202     196     204     209     192     191     221     192
     247     192     203     200     202     210     196     227     188     205
     193     188     181     225     207     193     215     202     161     206
     183     221     187     213     196     212     193     178     196     180
     171     212     188     160     162     184     208     208     146     176
     184     200     190     192     193     196     210     189     199     183
     210     213     183     171     175     173     178     171     173     177
     205     196     181     187     176     178     169     181     193     176
     193     174     163     179     213     174     200     174     189     160
     189     178     174     175     176     169     188     156     173     164
     176     170     179     151     198     158     180     186     185     184
     199     179     180     169     173     149     194     143     158     170
     150     198     176     181     176     175     173     176     171     162
     174     189     176     167     199     158     183     169     154     178
     165     165     198     176     142     169     169     195     176     173
     186     154     178     171     171     192     190     167     175     166
     203     177     177     155     171     180     180     161     188     164
     166     166     171     190     165     189     159     162     177     181
     169     173     177     187     177     160     171     175     175     170
     186     173     184     174     163     163     186     163     162     176
     176     183     169     170     183     165     185     188     189     184
     178     187     173     175     159     141     163     176     183     176
     171     166     161     171     185     179     159     165     158     160
     157     172     148     159     143     179     161     164     151     178
     179     189     158     163     186     163     184     172     173     167
     143     161     188     166     147     157     148     139     186     162
     166     185     189     175     146     186     141     170     169     169
     160     172     161     160     174     163     174     169     167     165
     184     151     152     171     170     148     152     158     180     161
     170     148     156     173     171     137     202     161     127     135
     158     151     163     155     192     161     146     156     162     136
     167     151     152     164     186     165     147     155     158     142
     170     158     155     127     169     161     177     155     160     149
     131     166     173     141     140     145     157     166     146     143
     149     147     151     146     172     145     156     122     176     162
     163     132     152     169     146     136     150     132     142     132
     150     156     155     118     158     143     154     164     157     148
     156     132     155     151     140     161     156     130     139     123
     156     166     159     136     145     133     169     164     136     159
     111     177     136     148     151     119     129     157     127     133
     127     121     131     134     145     141     140     139     154     147
     139     140     151     130     133     143     151     147     148     134
     147     147     154     141     146     169     135     146     157     145
     119     152     156     148     130     147     143     149     133     134
     127     127     155     114     158     140     140     144     131     142
     137     129     131     113     148     131     135     112     128     143
     147     133     159     128     119     130     130     143     111     108
     136     144     122     146     136     145     132     105     119     126
     113     116     127     141     136     146     140     135     126     136
     146     135     116     127     126     121     115     147     127     119
     134     125     119     119     141     148     142     120     142     135
     119     122     135     133     133     135     123     121     119     121
     132     126     129     128     137     128     131     104     149     128
     126     129     102     137     126     166     134     137     132     133
     135     119     101     135     141     116     103     110     136     140
     123     119     135     128     140     119     122     123     107     146
     125     132     114     123     140     119     120     115     140     117
      94     123     126     128     125     114     133     131     113     119
     120     148     122     128     118     127     121     131     127     112
     145     116     143     126     110     129     100     102     119     112
     118     115     129     126     132     129     127     108     116     113
     126     142     104     125     113     114     112     118     128     129
     129     123     106     149     111     134     106     112     118     126
     115     135     127     126     115     119     132     111     127     108
     123     126     117     111     133     129     127     135     121     115
     112     116     141     129     123     113     131     136     100     113
     129     119     105     129     119     129     111     120     134     133
     117     106     143     123     119     126     141     129     116     147
     141     135     125     129     121     130     126     131     141     126
     130     132     160     122     120     125     130     139     133     135
     159     140     149     145     148     143     165     145     143     150
     146     122     139     169     137     129     160     152     135     158
     170     145     145     164     155     136     177     177     179     162
     151     162     192     165     167     156     179     169     183     192
     188     202     181     204     205     220     215     212     259     249
     230     216     269     282     260     256     274     294     269     345
     354     371     362     368     412     380     412     358     454     451
     449     472     496     538     494     553     562     591     529     551
     636     618     640     661     679     680     700     686     771     706
     666     656     797     762     686     735     802     731     763     722
     865     720     716     725     744     732     647     709     694     713
     644     624     686     578     588     572     623     578     501     525
     539     510     487     453     409     419     428     421     373     371
     393     345     384     343     307     300     295     273     288     272
     289     253     243     212     244     244     216     199     213     202
     195     185     217     218     192     176     202     176     202     179
     183     207     207     212     214     246     222     232     257     247
     283     298     329     329     307     338     432     426     426     428
     420     412     388     483     493     468     461     485     519     500
     469     451     506     478     464     370     408     417     394     416
     392     348     309     260     297     259     268     232     239     171
     185     198     191     157     155     159     155     132     130     107
     100     120     111     112     121     104     112  236105
