$Informacoes da Fluorescencia de Raios-X:
"Sample    : kcl_31494p16lamfi",                                                          
"Operator  : ",                                                                           
"Comment  : micromatter_kcl 51 ug/cm2",                                                   
"Group     : kerr2007ab13liv300al",                                                       
"Date       : 2013-03-07 11:52:33",                                                       
"",                                                                                       
"Mesurement Condition",                                                                   
"------------------------------------------------------------------------------------",   
"Instrument : 700HS2   Atmosphere : Vac.   Collimator : 10(mm)   Spin : No",              
"------------------------------------------------------------------------------------",   
"Analyte               TG kV   uA      FI Acq.(keV)  Anal.(keV)  Time(sec)     DT(%)",    
"------------------------------------------------------------------------------------",   
"Na                    Rh 50  712-Auto Al  0 - 20    0.8 - 1.2   Live -  179   21",       
"Channel_info_start",                                                                     
"Channel : Na",                                                                           
"Points : 2048
"Range : 0.000000 - 20.480000",                                                           
"Step : 0.010000",                                                                        
"Channel_info_end",                                                                       
$DATA:
       0    2047
       0       0       0       0       0       0       0       0       0    2048
       0       0       0       0       0       0       0       0       0       0
       0       0       0       0       0       0       0       0       0       0
       0       0       0       0       0       0       0       0       0       0
      24      45      45      55      46      50      65      48      44      57
      43      48      48      57      54      58      57      60      58      44
      41      39      52      45      49      55      50      49      51      45
      47      43      42      43      47      49      36      66      48      71
      61      46      67      63      66      78      71      82      85     103
     134     193     171     214     244     266     278     287     272     261
     194     237     177     126     122      88     103      85      54      63
      78      75      75      85      72      82      79      87      66      66
      76      77      66      69      81      60      67      78      54      63
      58      58      52      77      58      74      60      79      77      76
      79      86      61      69      72      80      73      66      90      86
      84      97     105      94     109     146     145     138     172     210
     232     297     317     321     367     373     440     421     343     352
     311     250     217     163     161     132     100      95     103      95
     103     102      78      99      94     121     103     123      88     124
     110     132     111     122     115     132     120     122     130     126
     149     154     161     207     215     251     250     290     287     282
     311     312     278     269     254     250     195     196     180     181
     169     170     160     166     159     168     182     201     200     186
     224     201     210     224     265     228     250     240     235     268
     260     274     266     306     290     278     306     306     325     286
     299     328     302     351     400     408     519     637     819    1075
    1471    2019    3014    3990    5172    7047    8003    9851   10727   12040
   12957   13499   13035   12940   11417   10400    8461    7239    5698    4420
    3293    2650    1870    1536    1328    1242    1203    1227    1349    1397
    1513    1418    1324    1310    1170    1063     960     886     668     664
     485     480     357     332     302     301     277     231     258     214
     285     261     285     258     299     260     283     310     315     333
     360     392     454     533     622     811    1143    1551    2194    3445
    4456    6460    8257   10872   13376   16650   19000   22312   23820   25853
   26367   26117   25552   23672   20885   18879   15310   12726    9758    7292
    5557    3861    2708    1879    1374    1078     824     865    1003    1144
    1350    1616    1974    2427    2651    2978    3245    3591    3747    3936
    3937    4081    3878    3787    3883    3730    3237    3452    3139    2809
    2716    2394    2039    1829    1524    1233     990     778     578     424
     335     283     201     182     154     139     132     135     139     116
     144     214     196     229     230     272     342     343     331     407
     378     383     370     312     303     282     230     246     207     157
     130     118      97      94      90      67      93      58      66      49
      63      63      58      73      62      47      77      76      76      65
      65      79      73      90      95      86      95      91      95      88
     108     106     105     126      91     132     123     137     110     135
     117     130     115     127     137     119     126     175     119     145
     118     150     134     155     124     135     152     126     130     129
     132     140     145     140     130     152     136     141     162     136
     153     149     146     119     124     137     148     164     137     141
     165     161     157     131     135     124     174     142     140     137
     123     140     122     119     150     150     131     134     145     127
     116     117     132     132     111     131      94     127     114     112
     102     102     112     106     119     108     108     104     108     122
     109     120     104     106     107     119     111      97     122     121
     138     133     119     130     111     134     138     131     135     121
     111     126     137     132     133     130     137     154     155     136
     149     120     123     150     132     123     147     130     138     114
     126     132     139     109     145     138     147     172     154     136
     152     151     132     130     160     148     136     118     157     161
     155     171     157     165     177     166     159     180     164     163
     176     169     140     148     151     150     174     156     157     198
     164     163     167     163     149     177     194     190     183     165
     186     167     190     208     177     224     146     190     177     202
     186     258     211     211     217     198     220     209     231     243
     187     185     206     200     202     199     190     221     224     192
     232     222     215     219     183     209     195     209     227     254
     229     216     209     261     209     205     229     217     260     242
     205     213     225     200     246     228     231     225     235     219
     226     243     224     198     214     212     189     251     236     228
     242     266     253     223     262     232     242     239     251     235
     268     235     220     250     244     242     216     246     261     270
     225     251     243     233     240     253     252     259     255     233
     247     254     269     225     248     251     273     247     233     255
     237     265     246     270     252     247     271     243     252     253
     254     263     273     266     257     247     233     220     278     275
     248     281     243     236     255     276     277     244     275     297
     270     277     245     248     274     267     290     271     274     260
     252     241     272     283     285     270     285     276     255     270
     272     269     261     289     263     244     259     303     312     293
     278     259     301     312     306     268     300     308     314     313
     346     331     317     334     332     306     281     317     284     296
     267     260     271     262     276     280     251     221     263     265
     256     266     229     250     268     268     277     242     229     258
     243     247     233     236     244     247     301     235     270     281
     280     261     266     252     265     275     260     254     270     284
     307     295     332     323     329     356     314     350     373     364
     375     333     381     362     372     357     334     303     315     323
     328     277     295     296     251     298     277     258     274     229
     245     257     237     259     247     245     233     256     290     241
     238     252     251     268     236     230     238     241     230     250
     253     241     229     254     232     241     206     210     247     250
     199     227     242     225     242     212     201     223     247     254
     228     216     232     217     243     220     241     275     229     223
     230     260     243     247     222     240     252     265     266     230
     243     230     235     256     259     237     245     269     245     244
     256     261     271     266     244     255     259     262     266     230
     297     238     229     247     287     255     242     303     238     243
     229     250     251     263     260     247     265     297     261     247
     258     228     276     244     255     243     254     240     241     256
     258     251     291     262     230     254     270     283     240     280
     298     239     247     263     246     256     253     252     283     274
     282     246     250     259     260     255     262     240     231     230
     256     254     248     243     250     265     244     238     256     254
     281     274     262     257     287     229     254     277     227     257
     272     254     232     251     258     257     282     302     244     230
     217     242     281     241     228     239     230     255     238     252
     238     225     268     216     241     241     240     224     251     220
     226     258     225     261     201     250     257     243     258     251
     228     262     238     238     248     208     211     223     247     227
     212     254     225     282     241     230     232     240     208     190
     213     253     227     242     242     222     238     222     197     235
     230     242     244     224     239     231     278     214     204     228
     239     229     227     244     227     224     224     228     216     221
     267     226     210     247     258     205     248     223     235     200
     241     226     242     216     228     227     191     210     221     227
     217     231     241     238     230     223     238     225     215     229
     247     233     237     237     219     245     215     259     220     206
     242     219     228     244     224     233     232     217     214     222
     241     243     227     231     241     251     212     212     248     226
     223     240     247     206     216     206     231     254     239     212
     221     237     220     210     204     240     212     221     242     194
     193     215     217     198     199     235     211     210     228     209
     243     198     221     221     197     206     211     206     247     202
     227     221     217     223     207     199     217     202     198     191
     204     217     211     210     221     227     195     211     233     223
     202     224     223     247     213     210     247     210     207     201
     202     201     195     246     251     216     226     195     231     233
     229     207     201     232     194     217     231     233     193     187
     199     210     223     222     242     207     222     213     226     219
     204     202     228     216     187     208     245     227     215     219
     210     213     224     207     210     232     193     206     227     236
     206     228     227     220     205     185     199     213     201     211
     217     240     213     192     230     200     202     204     186     222
     219     199     213     192     204     193     208     205     207     225
     202     227     198     212     206     214     190     185     182     208
     189     210     195     194     201     194     184     205     194     182
     215     178     199     190     177     225     191     179     177     195
     187     191     206     205     192     190     211     210     199     216
     209     168     180     191     184     174     184     195     195     200
     163     200     198     195     194     192     209     189     175     176
     205     183     193     167     210     186     184     216     231     193
     190     195     198     202     195     211     206     195     170     171
     204     194     200     177     186     191     165     192     185     210
     196     180     213     189     180     180     186     180     178     182
     211     211     184     159     202     194     176     172     167     185
     185     187     193     160     182     172     211     183     185     175
     199     189     180     197     182     174     197     155     187     191
     180     197     179     177     163     184     148     164     193     183
     186     176     187     183     189     209     177     168     168     176
     170     192     180     155     179     174     182     162     171     167
     185     149     161     160     195     195     161     197     192     185
     182     181     175     193     185     171     180     162     170     160
     180     163     169     183     164     156     172     164     171     189
     172     163     156     165     181     181     171     162     149     155
     137     178     167     184     168     182     160     172     192     189
     168     172     161     174     190     170     178     186     172     178
     170     149     166     152     178     181     159     172     187     170
     164     153     164     162     160     179     182     165     147     148
     187     160     179     183     157     152     163     177     165     182
     161     162     153     154     160     155     159     154     148     160
     168     163     186     146     196     156     149     157     164     186
     192     156     184     137     166     145     144     148     151     165
     156     156     186     149     153     165     147     160     179     153
     134     185     166     193     159     160     146     164     154     157
     152     144     153     163     157     138     145     146     144     163
     165     141     159     163     185     182     157     160     141     164
     140     137     159     127     125     155     147     157     152     153
     137     154     175     165     154     127     160     133     168     175
     140     154     135     151     171     162     149     147     163     119
     162     133     169     152     144     127     162     141     132     150
     157     151     141     144     166     160     145     141     178     177
     146     144     139     182     149     140     153     147     166     172
     155     135     142     141     167     145     137     141     151     140
     166     132     133     141     139     166     157     178     152     164
     150     152     141     166     153     177     141     151     152     129
     152     150     153     154     163     140     174     141     184     146
     146     151     135     135     169     135     159     134     160     166
     132     169     149     147     159     168     155     120     157     152
     174     201     152     153     156     164     138     142     176     170
     161     137     180     144     144     174     166     174     161     146
     161     180     168     171     150     151     149     146     144     171
     163     149     168     166     187     195     181     175     180     193
     201     165     152     182     204     185     171     174     186     171
     189     182     186     202     191     185     222     213     207     202
     176     199     197     187     206     209     206     198     229     224
     230     207     284     241     259     210     243     235     238     266
     278     273     261     244     290     307     288     303     302     319
     333     318     325     347     326     370     364     376     375     421
     451     451     484     483     509     544     587     584     664     652
     660     635     697     694     723     778     784     847     822     819
     877     884     883     953     959     991     954     999    1025     979
     986    1082    1036    1101    1044    1035    1132    1094    1068     993
    1177    1022    1019    1055    1031    1013    1025    1024    1013    1029
     911     823     976     901     814     867     837     775     741     754
     715     661     661     641     635     632     613     561     575     542
     511     469     504     422     423     403     424     385     400     314
     341     345     330     317     315     314     257     231     278     299
     233     252     276     253     228     226     236     259     236     212
     240     226     222     230     243     242     274     290     303     295
     305     341     359     373     385     378     376     391     390     367
     439     415     462     461     486     468     447     441     509     471
     425     457     457     410     421     346     432     383     367     336
     334     344     305     281     268     263     229     250     228     199
     178     175     157     159     159     146     154     182     147     159
     134     139     140     133     151     146     135   72349
