$Informacoes da Fluorescencia de Raios-X:
"Sample    : ki_34668_16p",                                                               
"Operator  : ",                                                                           
"Comment  : micromater ki 53.1ug/cm2",                                                    
"Group     : kerr2007ab13liv300al",                                                       
"Date       : 2013-03-06 17:35:10",                                                       
"",                                                                                       
"Mesurement Condition",                                                                   
"------------------------------------------------------------------------------------",   
"Instrument : 700HS2   Atmosphere : Vac.   Collimator : 10(mm)   Spin : No",              
"------------------------------------------------------------------------------------",   
"Analyte               TG kV   uA      FI Acq.(keV)  Anal.(keV)  Time(sec)     DT(%)",    
"------------------------------------------------------------------------------------",   
"Na                    Rh 50  530-Auto Al  0 - 20    0.8 - 1.2   Live -  180   21",       
"Channel_info_start",                                                                     
"Channel : Na",                                                                           
"Points : 2048
"Range : 0.000000 - 20.480000",                                                           
"Step : 0.010000",                                                                        
"Channel_info_end",                                                                       
$DATA:
       0    2047
       0       0       0       0       0       0       0       0       0    2048
       0       0       0       0       0       0       0       0       0       0
       0       0       0       0       0       0       0       0       0       0
       0       0       0       0       0       0       0       0       0       3
      35      66      54      66      53      55      47      74      52      51
      70      60      53      63      46      53      47      49      58      57
      44      59      54      74      49      65      48      65      59      53
      59      53      61      57      62      45      51      66      51      50
      61      41      58      50      39      48      55      48      49      47
      53      41      41      58      49      57      52      61      57      63
      66      59      53      46      59      64      49      52      47      41
      57      46      66      49      54      52      51      46      51      66
      44      50      39      59      49      49      51      52      58      57
      61      57      50      32      55      54      53      68      42      48
      52      53      45      70      51      74      50      46      64      46
      62      79      51      64      81      83      78      91     108      93
     134     150     140     155     160     153     146     192     171     171
     125     128     121     107      93     101      75      84      83      86
      97      76      90      90      62      76      75      98      78      69
      83      76      91      84     101      92     100      95      84     107
     129     127     123     154     133     204     190     199     225     220
     217     209     220     196     178     149     174     187     135     114
     121     141     139     203     160     190     198     211     214     219
     212     185     162     158     158     115     114     102     108      84
      84      80      74      78      73      79      84      70      99     117
     105     116     126     142     103     156     160     157     153     160
     145     153     131     123     113     123     118     107     107     108
     108     123      98     113     117     106     107     112     126     122
     125     106     121     129     114     137     132     141     129     138
     131     142     140     128     156     132     129     139     141     121
     130     156     119     127     165     131     148     121     148     141
     156     172     177     135     130     172     160     161     164     175
     190     179     193     257     239     315     399     587     727    1102
    1399    2033    2585    3417    4267    5461    6048    7121    7587    8288
    8482    8442    8138    7722    6736    6224    4882    4167    3220    2541
    2071    1659    1297    1167     970     972     973     981     988    1076
    1129    1218    1274    1349    1351    1461    1479    1669    1617    1773
    1887    1975    2029    2190    2192    2325    2331    2353    2254    2237
    2117    2013    1947    1667    1584    1388    1301    1398    1323    1580
    1907    2333    3077    4018    5094    6570    7748    9633   11243   12681
   13641   15064   15195   15590   14979   14255   13110   11969    9969    8875
    6946    5647    4253    3293    2576    1923    1599    1366    1321    1495
    1746    2191    2885    3507    4170    5375    6299    7147    8008    8977
    9718    9955   10044   10305    9812    9530    8774    8025    7512    6648
    5731    5186    4556    3780    3119    2693    2485    2058    1764    1689
    1539    1497    1514    1637    1807    1957    2140    2323    2357    2466
    2509    2515    2277    2119    1854    1739    1572    1369    1062     887
     782     697     482     461     434     393     397     446     438     486
     602     697     780     823     902    1011    1145    1215    1231    1196
    1301    1203    1035    1078     992     799     735     685     524     496
     389     372     340     356     367     443     489     515     567     607
     694     741     820     839     848     843     799     733     710     655
     580     548     484     449     391     309     297     272     217     223
     188     158     163     142     139     139      99     117     128     101
     105      89     110     100      83      86      84     106      71     102
      98     114      80      59      87      99      92     103      84     106
      90      94     122      92      98     109      97     106      91      87
      87     118     105     101      99     102      90     102      96     112
      97      99     110     108     103     122     112      91     135     119
     127     138     130     140     112      97     116     109     126     122
     100     134     144     169     125     116     112     147     129     129
     125     127     159     124     110     139     151     129     128     138
     158     156     139     141     148     149     138     143     159     159
     159     158     147     149     143     150     173     154     175     181
     177     175     199     166     221     206     193     190     206     227
     201     206     196     233     215     212     241     220     220     233
     233     215     225     246     214     222     231     187     210     251
     223     228     209     223     235     235     261     215     239     237
     249     238     241     261     209     242     273     271     212     251
     270     254     234     270     249     267     233     256     270     246
     226     222     227     253     255     241     260     243     238     223
     222     259     230     241     257     258     246     204     235     226
     205     233     205     255     210     230     223     213     207     206
     206     211     165     203     199     206     189     205     211     178
     209     183     196     205     187     183     208     175     177     197
     213     193     210     196     208     183     193     194     199     210
     211     193     222     218     190     190     197     186     221     176
     194     220     193     190     218     202     203     191     233     238
     225     211     201     207     220     239     207     193     231     212
     240     215     243     253     231     246     206     256     240     239
     229     262     273     259     258     230     271     293     277     260
     300     261     267     285     251     258     303     278     255     282
     246     288     283     217     247     236     222     214     211     212
     241     212     213     203     252     224     233     204     210     211
     174     240     239     245     220     231     193     213     213     189
     206     219     225     235     239     268     221     218     219     243
     243     247     267     292     243     283     308     304     311     349
     336     348     304     292     316     314     303     311     310     301
     305     273     298     283     244     220     270     255     245     218
     262     230     245     263     255     245     228     221     266     252
     237     254     240     247     221     235     251     242     257     234
     252     266     231     238     226     251     226     247     263     243
     246     230     261     251     228     220     251     219     222     245
     231     225     211     235     251     227     202     228     252     204
     214     222     228     219     250     222     226     223     222     228
     231     238     228     226     224     234     187     223     231     236
     215     222     233     227     212     230     235     243     235     211
     246     240     201     212     254     226     198     235     252     205
     202     210     191     207     220     217     183     182     186     218
     204     193     208     226     224     198     236     198     235     204
     230     194     204     233     208     226     192     217     212     217
     255     186     205     192     220     199     235     174     199     214
     188     220     209     225     177     197     222     214     201     178
     198     194     201     201     193     204     193     188     190     218
     209     190     222     195     186     203     208     207     175     205
     188     186     212     222     214     167     182     202     199     224
     187     226     209     208     197     197     188     237     185     209
     204     206     192     192     218     229     177     178     193     199
     207     211     199     199     194     204     188     211     196     210
     181     213     209     195     206     205     210     224     211     209
     194     173     190     186     197     220     204     199     201     199
     208     192     230     190     218     236     207     181     229     207
     211     191     197     224     190     215     193     213     181     219
     225     214     212     206     201     223     196     199     203     222
     196     183     218     187     192     205     209     198     217     183
     193     208     201     227     215     188     204     227     214     199
     213     202     210     208     212     186     231     222     188     219
     217     191     165     192     206     194     182     187     209     177
     195     196     215     191     185     196     202     193     197     188
     198     218     187     197     215     195     189     196     185     185
     209     191     194     189     210     185     177     194     166     188
     183     192     175     197     179     166     179     211     191     191
     179     164     196     185     175     193     167     189     180     188
     172     196     178     153     196     194     172     160     172     163
     174     208     199     167     167     176     172     173     162     187
     191     156     178     175     181     171     195     172     194     186
     174     186     197     189     189     180     188     194     166     209
     191     169     179     193     158     177     165     162     154     187
     163     192     179     154     189     163     193     172     177     150
     186     196     175     162     179     174     170     170     183     169
     174     171     167     161     154     181     166     191     170     149
     188     146     188     174     176     170     179     187     187     171
     176     183     160     177     174     167     172     182     174     169
     205     160     161     164     170     173     181     183     155     174
     179     171     187     191     158     169     161     183     166     160
     165     177     176     161     182     163     148     142     174     185
     167     151     154     167     157     190     170     167     142     164
     174     178     172     158     169     158     172     150     169     172
     171     159     139     157     185     148     176     162     176     159
     165     169     148     125     167     158     157     190     148     159
     170     166     172     159     156     162     154     151     163     154
     194     149     145     150     148     153     154     146     142     157
     138     147     163     150     154     166     159     145     137     141
     167     170     161     156     160     163     147     150     164     169
     145     146     160     138     149     137     161     137     145     147
     156     167     126     151     166     148     135     150     173     158
     157     137     151     162     121     164     149     157     134     139
     154     150     127     137     166     162     138     151     153     155
     141     166     132     150     153     131     146     143     159     135
     161     135     139     145     134     117     150     161     161     144
     157     144     115     157     128     142     143     135     146     148
     147     155     142     122     141     110     156     137     153     131
     166     149     160     149     133     143     154     146     163     151
     146     175     138     137     125     160     145     118     150     143
     123     156     129     149     157     128     160     160     132     150
     155     119     140     138     149     138     128     146     142     165
     105     143     134     158     144     146     155     118     143     125
     140     145     142     143     145     140     119     123     141     125
     129     131     123     142     131     128     123     140     132     137
     134     148     116     139     121     117     126     144     126     144
     115     144     138     132     146     129     137     125     130     129
     131     154     123     122     132     123     134     133     135     119
     137     128     138     145     112     127     129     142     100     127
     148     119     140     119     137     125     123      97     126     113
     132     115     132     110     118     138     139     130     145     116
     114     117     137     124     107     123     128     129     126     132
     131     129     158     132     124     134     126     103     119     101
     108     115     113     132     137     114     128     124     113     135
     130     135     109     125     116     103     127     122     140     130
     129     156     112     127     121     118     129     107     139     114
     127     113     133     114     107     108     145     130     113     105
     138     119     127     108     123     114     125     114     114     117
     124     122     134     132     133     113     126     140     115     122
     143     128     135     123     130     132     121     118     130     122
     124     127     115     127     127     108     127     115     121     127
     118     145     144     116     145     138     126     111     134     122
     126     118     128     119     107     133     131     132     100     112
     137     110     101     130     124     129     128     123     118     131
     128     130     121     128     141     121     127     114     119     103
     131     132     107     127     107     125     139     124     135     124
     110     109     127     132     126     111     125     111     127     121
     118     125     121     129     130     149     117     119     135     129
     129     147     128     143     122     135     122     139     129     131
     137     109     119     109     141     132     134     135     133     138
     117     154     124     148     164     144     167     162     154     157
     167     175     154     159     150     165     151     159     150     164
     189     193     194     185     178     179     209     189     188     178
     193     201     189     178     206     219     187     204     217     237
     224     240     229     274     277     265     318     301     305     298
     341     370     336     356     352     367     382     384     457     476
     427     461     505     533     481     507     541     575     598     576
     658     638     675     602     735     663     697     641     779     753
     713     735     786     739     729     778     818     834     759     708
     852     800     782     750     716     727     721     735     754     704
     653     663     666     622     673     595     622     566     561     521
     572     512     524     429     478     413     425     398     422     390
     395     339     395     314     326     326     313     260     247     241
     254     281     223     270     208     230     237     202     231     229
     194     182     173     220     178     188     202     198     192     207
     191     196     198     212     259     233     230     269     257     290
     274     380     318     387     329     333     366     423     416     420
     479     459     495     451     495     540     449     505     503     551
     483     464     494     439     458     444     495     438     384     378
     378     340     323     324     282     289     257     227     228     194
     187     176     144     175     143     103     156     138     114     127
     115     116     117     115      96      97      91  112923
