$Informacoes da Fluorescencia de Raios-X:
"Sample    : laf3_34700_16p",                                                             
"Operator  : ",                                                                           
"Comment  : cubatao-g-policarbonato",                                                     
"Group     : kerr2007ab13liv300al",                                                       
"Date       : 2013-03-06 20:48:59",                                                       
"",                                                                                       
"Mesurement Condition",                                                                   
"------------------------------------------------------------------------------------",   
"Instrument : 700HS2   Atmosphere : Vac.   Collimator : 10(mm)   Spin : No",              
"------------------------------------------------------------------------------------",   
"Analyte               TG kV   uA      FI Acq.(keV)  Anal.(keV)  Time(sec)     DT(%)",    
"------------------------------------------------------------------------------------",   
"Na                    Rh 50  436-Auto Al  0 - 20    0.8 - 1.2   Live -  179   18",       
"Channel_info_start",                                                                     
"Channel : Na",                                                                           
"Points : 2048
"Range : 0.000000 - 20.480000",                                                           
"Step : 0.010000",                                                                        
"Channel_info_end",                                                                       
$DATA:
       0    2047
       0       0       0       0       0       0       0       0       0    2048
       0       0       0       0       0       0       0       0       0       0
       0       0       0       0       0       0       0       0       0       0
       0       0       0       0       0       0       0       0       0       3
      24      36      28      26      30      35      39      34      28      37
      45      32      25      26      30      40      34      27      34      29
      35      36      43      39      38      44      41      36      37      37
      44      34      35      45      39      44      45      35      38      43
      35      51      38      35      29      37      43      40      51      61
      59      66      95      70      78      87      95     111      82      63
      66      65      53      58      55      47      46      47      62      68
      59      70      77      89      66      80      70      90      76      79
      66      67      63      66      89      65      75      54      49      60
      40      49      60      34      53      48      36      37      36      43
      32      35      33      46      35      38      34      41      37      28
      40      42      37      50      36      45      36      37      33      49
      49      40      48      37      36      39      38      38      38      49
      42      40      39      45      26      39      35      41      41      40
      41      48      55      50      49      47      55      47      39      59
      47      37      54      42      46      45      48      47      62      54
      49      78      78      96     106     123     139     158     147     128
     140     152     152     144     147     117      90      86      65      71
      47      43      39      39      49      47      39      34      28      35
      37      29      28      33      30      47      33      47      38      43
      37      24      34      49      36      35      48      37      38      46
      46      37      38      40      33      45      26      37      39      34
      23      38      37      49      38      28      36      51      41      40
      36      47      48      38      36      58      46      49      53      51
      42      55      62      53      50      56      53      51      75      78
      79      95     106     136     113     143     151     151     179     180
     161     192     147     131     136     123     100      89      76      67
      50      50      34      54      40      41      40      37      50      39
      43      44      57      56      53      54      61      64      63      76
      85      81      89      78      86     115     115     112     138     105
     115     132      96     107      97     115     108      84      74      79
      72      77      62      53      66      61      78      79      78      75
      76     110     102     127     136     195     226     282     437     570
     669     872     980    1154    1366    1495    1554    1690    1704    1725
    1581    1486    1294    1108    1032     828     662     539     407     318
     244     196     159     168     151     134     136     143     141     164
     160     180     184     209     215     269     281     325     343     388
     445     508     520     560     646     670     722     805     814     895
     899     881     854     774     781     713     618     601     546     398
     368     326     235     256     226     209     182     179     217     171
     191     188     188     184     189     234     231     244     215     252
     284     292     305     378     456     521     605     766    1034    1348
    1659    2184    2961    3790    4994    6497    7744    9724   11112   12899
   14719   16164   16842   17958   17717   17643   16526   15594   14173   12320
   10287    8841    7116    5718    4271    3129    2444    1788    1219     899
     677     544     402     364     351     407     452     537     657     857
    1186    1687    2226    2761    3500    4572    5423    6637    7375    8579
    9516   10522   10526   11236   11384   11432   10556   10275    9892    8855
    7820    7334    6061    5552    4562    4114    3424    2998    2493    2156
    1814    1607    1321    1226    1136    1091    1160    1216    1315    1518
    1674    1986    2324    2496    2670    2826    2966    3120    2956    2903
    2809    2574    2326    2074    1772    1511    1293    1032     880     726
     582     466     423     281     258     270     247     227     228     231
     237     271     247     326     351     381     489     575     670     745
     905    1024    1203    1306    1400    1591    1596    1745    1550    1561
    1628    1454    1308    1238    1109     928     827     703     636     567
     497     475     414     443     435     507     559     557     642     714
     792     822     830     888     892     902     920     860     865     762
     655     658     562     518     512     451     409     429     349     306
     332     326     291     333     277     283     279     278     252     240
     223     215     214     237     181     172     183     177     172     166
     155     182     155     188     179     164     202     155     181     180
     173     189     174     190     164     157     194     162     192     172
     167     167     177     162     200     180     154     173     184     182
     159     188     182     159     201     188     209     166     169     159
     187     187     142     179     172     175     151     162     169     150
     162     180     162     190     163     179     146     152     158     161
     149     182     181     163     150     138     152     155     133     140
     169     150     159     145     154     120     155     171     158     140
     144     159     146     165     140     153     153     149     132     147
     167     169     159     166     148     175     160     155     140     171
     169     165     159     137     178     151     160     144     166     166
     171     161     172     187     165     164     186     167     219     166
     186     189     166     184     214     202     199     196     182     194
     189     207     209     209     207     219     208     230     199     203
     219     213     203     191     184     205     195     224     230     215
     245     217     279     267     236     270     237     232     248     269
     277     270     245     246     283     251     258     248     257     226
     216     244     241     217     232     193     195     220     190     208
     187     183     179     185     190     190     180     172     190     189
     140     199     177     178     186     202     182     165     170     155
     185     199     164     175     196     201     188     200     182     212
     187     226     224     209     223     241     272     268     221     251
     298     271     276     263     274     270     235     256     210     245
     227     222     204     194     177     171     192     168     174     201
     215     192     175     186     208     169     182     172     174     200
     185     200     186     185     167     204     179     206     137     191
     178     200     178     189     165     169     178     181     166     175
     171     195     143     195     174     189     150     184     152     178
     171     173     183     168     187     190     198     188     214     207
     196     187     220     205     221     188     215     200     200     164
     204     192     188     174     209     194     219     178     187     203
     189     205     224     229     211     199     203     209     207     208
     236     267     201     191     233     186     206     223     217     225
     198     223     213     206     217     219     201     211     192     199
     196     177     174     191     193     188     209     193     183     195
     203     188     213     205     185     195     205     158     171     203
     188     194     209     196     199     202     220     198     222     193
     174     180     183     198     172     188     182     174     186     187
     211     205     179     191     204     173     199     187     177     172
     181     173     173     173     188     166     185     202     186     207
     155     187     167     196     194     161     150     163     165     167
     169     163     147     178     173     158     170     183     163     196
     152     159     150     174     178     186     150     165     152     149
     181     154     167     171     162     185     162     174     150     181
     158     162     173     155     165     167     184     162     194     168
     161     163     199     166     157     159     165     170     157     178
     171     154     161     165     179     169     163     147     189     162
     177     167     189     174     157     164     192     187     170     178
     146     178     184     167     188     189     152     180     177     171
     167     162     165     169     163     160     177     154     160     162
     174     149     182     175     185     181     163     159     183     173
     143     195     160     160     145     162     179     181     185     168
     189     171     150     161     189     178     157     171     162     165
     161     139     147     159     171     154     166     168     149     170
     162     151     178     183     147     147     172     151     155     151
     152     153     162     148     117     144     161     145     155     161
     165     159     141     169     146     144     144     152     171     149
     154     154     162     153     162     155     154     171     145     141
     178     145     120     147     170     169     154     148     174     181
     162     162     149     160     149     120     154     132     144     150
     141     157     146     143     142     143     146     159     149     128
     148     141     146     168     134     142     148     143     152     140
     151     122     147     158     149     142     150     145     147     165
     140     161     139     117     136     139     137     143     159     132
     142     161     132     141     136     139     140     148     140     146
     140     164     158     132     146     133     127     168     138     148
     150     147     152     125     155     132     142     158     166     151
     141     138     158     148     140     148     167     127     165     145
     154     142     155     123     133     153     143     143     161     152
     119     133     145     151     150     168     165     145     147     129
     167     149     154     147     145     159     139     137     160     136
     144     126     142     155     130     138     150     136     143     131
     115     152     136     131     145     161     136     122     134     147
     121     144     142     129     137     131     150     147     121     132
     119     152     145     131     134     138     139     148     140     133
     129     120     146     130     128     137     127     117     127     128
     145     115     116     124     128     133     147     120     163     112
     134     140     136     131      94     108     148     132     121     128
     136     121     126     139     118     138     125     126     128     126
     128     127     137     124     117     119     125     104     109     121
     134     137     122     146     129     153     130     131     122     138
     134     115     111     143     126     129     125     125     137     133
     138     116     133     143     131     144     119     124     137     102
     136     109     138     119     121     118     131     110     122     149
     126     128     138     123     129     139     126     133     129     123
     116      96     141     113     119     102     126     133     107     110
     125     112     104     118     131     107     115     126     120     118
     104     108     122     106      99     119     133     127     124     125
     149     132     106     110     127     131     126     111     134     115
     103     126     134     115     134     129     118      99     112     115
     120     122     101     137     138     119     122     112     112     112
     106     142     101     122     128     123      98     123     111      98
     136     108     118     137     113     110     108     100     122     120
     123      97     121     109     119     109      99     128     108     120
     128     125     115     129     119     111     102     117     118     127
     109     109     115     122     117     106      97     100      92      97
     139     104     107     104     102     116     100      99     112     105
     111     123     104     112     103     115     131     117     104     105
     116     124     105      92     132     112     107      87     110     109
     108     107     118     117     107     105      85     115     100     127
     112     105     115      96     106      98     101     115     115     103
     108     119      94     118     112     111     132      82     101     110
     117     102      99     104      99     104     105      98     116      99
     110     113     113     100      86     117      98     130      97      98
      99     100     116      86     102     113     104     111     113      91
     103      98     103     100     101     103     121     101     112      92
      82      78     104     108     107      89     109      98     102     106
     108      90     122     128     121     104     105      96     126      97
      81     102     101      97      87     109     111      81     119      80
     109     115     120     102      99     100     106      92      98      86
     107     101     101     102     112     101     103      99      89     106
     108     107     119     106     103      94      98      90      94     106
     109      96     112     105      94     112     100     101     102     103
      89     113      82      91      92      88      91     103     119     100
      94      91      94      98     112     117     108     119     110      92
     111     102     117     115     101     103     102     117      86     101
     101     126     109     112     120     106     120     133     107     104
     129     122     101     117     125     116     105     111     117     121
     124     137     107     118     120     119     113     122     125     111
     127     109     131     124      96     145     138     125     121     126
     129     134     109     147     119     121     117     121     144     153
     158     131     166     145     148     130     157     133     161     161
     158     155     153     163     201     163     172     192     188     177
     204     192     222     222     222     240     267     245     277     245
     281     302     269     307     304     320     365     294     395     329
     359     382     383     451     432     462     489     459     484     523
     511     512     512     564     578     607     560     608     656     647
     680     639     727     642     652     627     688     711     635     690
     732     651     649     635     641     616     671     599     629     607
     570     549     609     572     528     505     486     476     471     429
     449     430     427     378     417     378     350     364     335     339
     331     321     324     310     272     298     272     268     240     231
     214     208     214     205     180     200     188     187     198     169
     167     185     148     154     173     182     182     159     155     164
     175     213     153     164     199     198     230     200     215     246
     229     249     308     278     300     309     330     357     356     443
     398     408     376     406     437     433     429     439     454     406
     424     438     423     428     389     360     401     334     343     310
     304     292     248     233     250     200     199     180     183     166
     141     129     159     112     113     115     111     106      97      97
     100     101      96      80     110     110      85   58980
