$Informacoes da Fluorescencia de Raios-X:
"Sample    : mgf2_34663_16p",                                                             
"Operator  : ",                                                                           
"Comment  : micromater mg 51.8 ug/cm2",                                                   
"Group     : kerr2007ab13liv300al",                                                       
"Date       : 2013-03-06 17:13:19",                                                       
"",                                                                                       
"Mesurement Condition",                                                                   
"------------------------------------------------------------------------------------",   
"Instrument : 700HS2   Atmosphere : Vac.   Collimator : 10(mm)   Spin : No",              
"------------------------------------------------------------------------------------",   
"Analyte               TG kV   uA      FI Acq.(keV)  Anal.(keV)  Time(sec)     DT(%)",    
"------------------------------------------------------------------------------------",   
"Na                    Rh 50 1000-Auto Al  0 - 20    0.8 - 1.2   Live -  180   17",       
"Channel_info_start",                                                                     
"Channel : Na",                                                                           
"Points : 2048
"Range : 0.000000 - 20.480000",                                                           
"Step : 0.010000",                                                                        
"Channel_info_end",                                                                       
$DATA:
       0    2047
       0       0       0       0       0       0       0       0       0    2048
       0       0       0       0       0       0       0       0       0       0
       0       0       0       0       0       0       0       0       0       0
       0       0       0       0       0       0       1       0       1       3
      25      55      60      37      54      55      49      52      48      49
      32      49      44      45      48      48      39      54      52      43
      53      31      48      48      37      39      44      49      39      47
      45      52      57      54      45      56      52      50      46      58
      48      54      47      44      39      43      48      54      45      49
      41      33      50      36      49      54      47      51      44      53
      42      50      52      53      47      47      57      46      47      58
      56      53      49      61      60      60      65      68      60      69
      90      85     102     103     144     208     264     328     494     630
     725     897     943    1035    1086    1041     988     996     837     770
     526     450     327     266     209     135     116     100      94      98
      67      64      72      68      50      58      49      45      61      53
      47      50      52      50      46      49      46      50      52      67
      86      96     122     163     213     229     277     375     376     437
     468     504     510     552     547     494     477     458     368     307
     327     247     211     209     156     128     113     115     124     153
     145     148     181     213     210     292     332     305     341     312
     348     341     305     270     224     189     164     177     118     102
      96      66      70      77      56      69      57      67      60      48
      53      53      49      67      46      51      41      46      40      46
      45      57      37      38      27      41      45      27      36      31
      38      48      28      47      37      32      27      32      31      32
      42      37      39      28      33      55      47      39      47      61
      58      49      60      65      50      75      56      57      57      56
      56      61      52      45      57      49      49      52      52      55
      49      52      57      58      62      62      58      50      52      51
      65      47      48      57      51      37      49      46      44      62
      34      43      52      49      51      49      30      37      47      45
      45      52      54      37      42      57      62      34      53      61
      56      67      50      41      44      62      57      38      60      58
      52      74      87      53      49      54      61      54      62      64
      64      58      53      56      50      56      64      84      97     102
     111     179     174     207     298     402     529     683     899    1179
    1428    1819    2175    2608    2936    3187    3279    3619    3545    3636
    3396    3132    2941    2558    2155    1859    1437    1207     877     660
     533     418     321     289     226     196     240     216     196     216
     234     271     303     333     335     351     441     463     492     566
     505     567     500     494     485     414     369     311     268     226
     212     192     181     137     120      79      98     111      99      91
      91      95      94      95      92     113     107     108      98     108
     113     137     122     144     100     130     141     144     150     147
     160     162     173     149     185     154     187     194     215     187
     198     232     206     188     202     236     224     213     188     198
     234     213     213     210     197     207     197     200     208     200
     167     183     217     187     161     167     177     179     159     162
     167     170     193     170     169     130     131     159     136     169
     137     146     134     156     143     141     119     143     104     137
     156     131     126     150     131     140     127     139     127     119
     122     140     143     139     141     127     122     147     145     160
     139     158     143     162     154     144     165     139     125     159
     155     150     183     161     155     170     181     157     164     194
     186     193     169     195     193     190     189     198     211     207
     208     184     193     209     197     198     198     221     174     256
     209     212     228     197     210     214     240     244     212     239
     197     208     228     229     234     226     233     231     210     215
     214     266     244     236     244     267     257     232     238     235
     243     238     219     242     244     230     203     218     236     224
     234     209     240     240     259     250     236     235     271     283
     255     242     263     265     227     287     249     276     227     260
     263     258     250     268     261     287     284     287     272     300
     289     283     310     325     291     310     317     324     327     329
     338     325     331     300     301     297     304     304     290     267
     285     294     292     286     313     285     296     306     313     299
     314     283     291     290     324     298     346     294     295     300
     280     315     266     326     310     284     341     302     322     326
     333     303     345     310     323     312     347     324     374     326
     332     350     350     355     297     317     338     353     340     328
     356     345     377     359     405     379     380     396     402     404
     426     429     427     397     396     405     425     395     400     419
     394     394     391     379     366     399     350     374     337     338
     333     349     334     336     302     326     336     311     301     351
     333     310     338     350     320     305     337     331     311     309
     311     354     328     326     329     329     296     333     303     352
     321     322     313     311     307     315     305     295     317     341
     301     341     343     350     351     352     346     362     336     345
     336     311     346     366     376     369     364     346     434     414
     411     423     452     495     520     557     632     721     783     877
    1034    1158    1269    1333    1522    1701    1691    2102    2051    2180
    2147    2313    2309    2296    2165    2280    2155    2045    1807    1717
    1583    1374    1288    1102     978     897     776     696     614     592
     507     482     434     453     406     426     415     395     425     346
     384     358     380     366     446     379     380     405     424     438
     397     422     464     478     502     495     511     515     516     509
     535     512     531     538     516     555     505     481     485     458
     442     432     394     388     389     375     371     382     342     401
     355     372     355     329     358     356     345     391     412     375
     357     376     390     346     357     366     345     353     373     341
     364     349     370     357     344     408     377     402     402     423
     449     439     475     533     529     576     593     654     682     743
     806     881     867     981    1099    1175    1214    1212    1378    1367
    1315    1405    1452    1453    1371    1396    1336    1279    1281    1169
    1262    1085     960    1002     933     862     767     786     774     754
     696     688     705     721     664     694     679     726     694     725
     747     689     694     657     730     717     639     656     643     600
     548     517     481     517     475     484     443     416     429     365
     388     362     358     364     358     365     303     331     338     335
     359     320     338     350     327     356     343     375     344     312
     297     314     319     331     327     345     317     291     291     300
     337     297     329     324     279     310     321     337     335     289
     321     313     294     343     321     314     297     349     306     306
     313     333     343     344     303     312     333     314     300     331
     303     307     290     341     321     320     324     326     319     328
     310     326     340     329     337     326     300     325     314     318
     333     329     321     333     358     306     353     331     336     355
     355     366     343     356     375     343     438     432     419     388
     444     454     464     438     467     468     494     510     472     485
     454     467     407     472     473     436     443     412     415     432
     439     338     369     391     311     376     345     377     327     342
     384     350     372     340     365     340     361     378     379     371
     393     377     357     359     384     373     352     378     343     385
     350     397     341     353     317     345     313     341     315     303
     327     311     328     298     322     312     308     331     305     319
     300     336     336     321     291     295     326     362     301     298
     308     311     315     323     300     298     338     329     314     291
     294     268     344     334     310     298     341     301     275     288
     308     270     268     313     289     284     292     300     307     300
     313     311     324     305     292     295     329     289     296     297
     310     279     321     291     274     314     284     311     305     298
     298     291     308     305     292     297     311     284     303     296
     287     296     298     305     292     306     281     278     311     300
     283     335     278     342     319     273     301     295     255     272
     266     291     288     277     265     270     265     263     325     299
     295     282     324     259     253     280     244     266     285     295
     270     282     273     281     268     303     283     282     298     318
     304     264     303     286     263     273     264     314     315     277
     259     280     278     270     285     286     268     260     289     305
     253     278     289     300     283     240     311     265     243     272
     278     277     271     297     285     268     300     264     290     272
     250     292     291     286     255     299     276     317     276     289
     248     287     264     285     280     286     259     262     286     260
     251     289     248     268     275     257     261     231     287     263
     261     280     276     241     281     265     255     274     256     275
     266     260     272     263     287     285     272     255     258     249
     281     285     255     260     243     243     281     266     267     266
     218     242     313     259     264     255     268     255     261     240
     258     272     271     245     258     278     248     249     257     270
     238     247     260     256     270     259     251     279     251     256
     266     262     245     267     250     259     257     260     247     264
     233     262     259     261     271     253     294     261     236     263
     255     244     266     253     263     262     275     256     256     234
     257     252     272     239     264     249     267     229     251     247
     236     232     258     229     241     273     254     241     226     267
     247     241     265     238     243     230     268     237     235     253
     242     231     238     244     240     262     258     236     238     252
     220     254     267     236     230     262     207     190     253     250
     264     228     272     226     235     243     238     245     230     252
     198     243     249     242     192     214     259     229     238     228
     240     207     212     238     257     212     236     233     256     252
     223     236     278     208     250     218     203     235     258     236
     226     214     216     240     228     213     231     229     232     272
     235     223     240     227     213     216     230     217     227     229
     229     226     212     230     225     230     220     221     237     244
     186     224     240     214     232     213     221     241     232     217
     218     230     226     223     194     214     206     241     239     229
     239     234     223     202     233     212     229     232     254     232
     215     230     201     201     248     247     221     230     223     220
     256     213     229     223     221     217     210     188     196     250
     211     234     203     210     212     253     200     230     204     208
     219     220     240     213     214     204     237     213     196     220
     233     241     240     194     226     200     221     203     212     186
     196     225     236     235     208     216     215     224     198     221
     221     243     229     207     209     205     209     207     234     218
     186     204     184     236     207     225     206     213     188     203
     210     203     197     229     253     209     223     215     227     211
     217     211     209     224     221     188     216     208     195     192
     228     211     210     211     211     212     197     211     195     201
     210     256     231     216     197     208     219     219     219     217
     217     186     204     214     194     247     232     197     188     221
     186     187     212     207     198     190     224     225     196     195
     192     239     208     208     220     188     188     220     187     231
     225     195     229     191     239     188     224     212     220     189
     220     179     190     231     207     251     186     181     200     212
     216     205     223     220     207     187     215     192     230     190
     196     220     195     200     201     219     194     195     214     220
     203     183     220     223     212     191     232     198     221     224
     218     226     219     223     215     217     194     227     213     234
     239     224     252     235     212     202     193     217     198     223
     250     228     216     236     214     232     216     224     239     242
     235     238     224     208     236     256     249     226     229     248
     247     216     261     241     251     263     249     252     245     263
     242     224     266     258     262     256     273     264     247     272
     311     292     273     274     308     274     279     278     281     302
     322     335     331     344     323     343     343     368     340     368
     390     365     376     349     352     409     382     382     445     475
     416     418     504     469     538     519     541     519     565     587
     649     679     699     673     717     760     791     751     877     863
     907     870     949     990     941    1001    1095    1113    1119    1149
    1194    1218    1145    1302    1356    1398    1320    1380    1355    1406
    1457    1405    1507    1500    1398    1371    1572    1524    1446    1365
    1623    1503    1496    1418    1441    1343    1358    1409    1432    1300
    1303    1293    1297    1204    1168    1211    1123    1051    1050    1052
    1085     987     958     907     950     881     836     780     829     729
     696     619     651     671     587     586     584     541     549     502
     524     501     463     411     459     427     402     380     360     367
     362     344     366     322     308     346     356     335     341     305
     312     341     313     309     354     359     355     362     396     380
     408     374     426     431     448     473     482     496     531     512
     590     555     566     577     587     640     606     625     657     579
     577     569     604     548     523     487     536     490     493     472
     470     472     403     428     340     343     355     341     324     289
     295     287     245     244     216     210     213     200     195     195
     191     166     165     189     216     209     185  101380
