$Informacoes da Fluorescencia de Raios-X:
"Sample    : mgf2_34663_16p",                                                             
"Operator  : ",                                                                           
"Comment  : micromater mg 51.8 ug/cm2",                                                   
"Group     : kerr2007ab13liv300al",                                                       
"Date       : 2013-03-06 16:56:41",                                                       
"",                                                                                       
"Mesurement Condition",                                                                   
"------------------------------------------------------------------------------------",   
"Instrument : 700HS2   Atmosphere : Vac.   Collimator : 10(mm)   Spin : No",              
"------------------------------------------------------------------------------------",   
"Analyte               TG kV   uA      FI Acq.(keV)  Anal.(keV)  Time(sec)     DT(%)",    
"------------------------------------------------------------------------------------",   
"Na                    Rh 50 1000-Auto Al  0 - 20    0.8 - 1.2   Live -  179   17",       
"Channel_info_start",                                                                     
"Channel : Na",                                                                           
"Points : 2048
"Range : 0.000000 - 20.480000",                                                           
"Step : 0.010000",                                                                        
"Channel_info_end",                                                                       
$DATA:
       0    2047
       0       0       0       0       0       0       0       0       0    2048
       0       0       0       0       0       0       0       0       0       0
       0       0       0       0       0       0       0       0       0       0
       0       0       0       0       0       0       0       2       0       4
      28      43      64      50      63      48      53      51      44      51
      50      43      47      53      61      42      47      34      33      38
      39      51      49      47      49      49      51      44      37      43
      46      41      56      54      45      63      57      60      64      62
      43      36      38      51      36      47      45      49      46      47
      44      59      38      45      62      34      39      43      38      43
      51      43      53      54      43      48      67      51      42      47
      32      46      46      51      49      53      68      70      55      67
      64      94      93     106     127     179     252     355     450     644
     751     811     975    1069    1056    1095    1050    1058     791     752
     547     427     323     293     176     163     102     101      66      63
      66      61      55      54      63      61      49      49      62      60
      46      54      50      46      55      56      68      54      66      70
      81      84     141     148     188     231     284     349     352     398
     471     515     470     575     504     534     509     443     418     363
     349     249     227     219     151     115     123     108     125     107
     122     160     202     212     213     249     284     320     326     367
     300     372     309     253     230     219     163     131     120     108
      71      70      64      69      53      71      61      56      51      52
      61      54      48      55      45      56      38      50      55      46
      41      41      47      51      47      44      42      26      32      47
      33      36      23      36      32      30      27      46      38      28
      37      33      24      51      38      46      43      52      44      54
      46      50      74      67      61      70      66      59      60      69
      66      56      45      52      42      51      55      57      55      54
      43      50      62      55      52      51      53      45      44      45
      47      33      56      44      34      32      41      50      52      43
      47      44      45      34      44      39      30      37      44      39
      48      50      53      53      34      46      53      55      41      73
      52      57      38      39      49      52      53      57      66      62
      54      59      74      46      63      80      57      52      70      62
      52      56      59      78      77      54      68      99      84     124
     136     151     180     261     333     433     570     690     895    1187
    1527    1868    2240    2659    2963    3250    3306    3682    3662    3505
    3428    3122    2889    2464    2086    1833    1435    1181     847     681
     531     396     300     253     214     199     176     194     178     204
     229     296     290     317     324     376     469     450     476     554
     556     547     505     471     460     413     355     326     275     255
     189     217     144     169     132     108      94     106      92      98
      88     103      88     122     111     107     110      88     109     104
     109     118     121     123     106     149     147     150     135     148
     167     174     160     150     158     200     171     181     196     191
     208     202     213     200     189     226     210     194     220     230
     224     201     219     215     173     186     181     170     211     204
     184     191     196     207     138     140     186     160     166     154
     146     147     156     161     137     148     146     160     140     138
     148     130     142     131     125     151     136     145     120     169
     126     144     129     145     126     153     125     117     150     145
     142     161     140     125     146     155     114     142     146     143
     140     150     144     150     136     161     142     156     169     179
     149     160     154     165     173     185     167     172     180     162
     201     196     178     183     189     191     204     211     233     217
     212     216     208     227     209     231     236     204     216     197
     227     217     206     235     228     215     248     226     213     220
     232     211     240     246     226     252     216     265     263     244
     229     248     229     238     242     228     243     225     234     237
     216     229     231     248     226     219     233     216     240     225
     248     235     239     255     233     231     229     239     237     274
     227     251     265     232     269     246     237     253     260     267
     262     271     257     243     259     279     302     281     282     293
     282     284     306     311     327     326     327     337     349     351
     289     340     371     297     327     346     342     324     326     295
     281     296     297     297     303     306     300     324     310     264
     302     319     302     286     307     298     278     277     312     309
     305     346     293     321     310     308     348     311     303     342
     306     335     313     345     309     311     345     320     314     302
     341     333     349     347     310     302     344     337     342     320
     395     358     347     384     365     372     386     382     376     392
     363     407     417     383     387     377     440     388     417     403
     391     403     376     358     349     383     355     323     349     357
     377     308     348     346     331     348     349     345     342     335
     339     371     300     356     326     316     322     327     304     298
     282     331     319     327     312     322     316     371     324     328
     301     327     330     321     330     317     294     308     302     333
     324     345     352     318     326     317     310     330     339     321
     324     339     337     375     336     344     380     366     358     396
     367     440     450     537     554     546     605     710     762     860
     999    1134    1229    1507    1520    1714    1800    1966    2169    2248
    2190    2283    2251    2251    2182    2190    2205    2008    1862    1593
    1494    1432    1217    1206     928     872     755     664     590     543
     490     504     510     438     453     387     364     351     372     382
     417     379     368     406     377     444     398     404     412     419
     429     438     441     494     456     464     480     522     516     529
     523     531     567     506     514     520     498     504     493     473
     450     471     412     416     331     369     405     353     387     358
     391     378     361     358     386     356     332     346     388     360
     330     345     372     348     335     368     425     344     360     358
     345     341     364     364     330     349     390     389     389     415
     436     477     445     486     539     500     581     630     716     788
     779     835     902     999    1087    1099    1140    1258    1312    1338
    1402    1382    1410    1464    1395    1335    1356    1278    1258    1205
    1113    1121     964     958     855     838     799     724     764     753
     650     683     709     725     672     664     721     674     688     679
     754     698     704     655     648     685     650     630     676     624
     501     578     507     510     452     458     437     403     381     439
     384     386     352     370     336     364     371     368     351     336
     325     335     364     360     366     322     291     310     333     326
     333     373     325     304     324     325     304     326     334     308
     332     296     335     321     355     356     307     339     321     334
     321     320     320     286     303     310     269     320     302     309
     287     328     300     291     330     285     316     330     326     341
     299     334     333     325     312     306     325     325     318     320
     305     305     344     326     314     326     344     311     309     346
     325     300     324     324     323     310     320     309     360     376
     343     375     392     354     371     381     389     398     419     427
     467     425     456     500     439     492     507     487     482     471
     469     434     468     495     469     468     404     443     429     370
     378     360     365     360     325     363     331     340     347     346
     340     348     351     352     332     372     395     364     396     388
     403     398     430     351     390     386     377     366     344     356
     356     374     370     353     345     293     322     323     299     350
     291     339     346     301     303     318     304     308     297     328
     262     275     326     304     309     302     328     283     331     289
     304     305     275     307     321     318     318     318     303     302
     291     294     304     305     280     308     309     300     305     286
     291     328     300     283     299     308     279     324     312     323
     278     309     309     283     270     266     301     294     306     274
     287     289     262     312     305     289     291     244     307     289
     305     277     316     281     272     316     287     261     267     280
     285     293     274     284     309     280     265     280     304     309
     306     311     266     316     280     282     280     303     309     296
     266     302     297     284     279     300     257     266     316     278
     303     284     293     282     288     296     258     273     244     261
     295     313     316     273     307     308     271     271     286     300
     277     266     293     274     284     295     286     298     255     271
     303     290     272     295     286     271     244     296     259     308
     289     290     282     249     275     274     266     267     263     269
     289     274     264     257     258     299     275     304     279     287
     247     277     293     266     267     304     274     288     260     275
     270     265     280     262     262     287     267     273     308     281
     270     267     305     253     258     301     279     270     263     255
     276     262     256     254     275     264     242     253     277     284
     247     258     262     249     266     263     271     282     255     260
     266     262     279     276     260     251     244     276     255     249
     252     249     291     242     277     260     284     269     270     274
     250     258     233     232     257     272     263     257     257     256
     249     253     249     220     243     300     276     279     256     254
     251     282     225     237     264     250     262     261     257     257
     246     254     275     267     279     299     272     289     278     243
     272     241     237     258     253     263     236     240     230     254
     225     249     242     270     254     230     286     239     263     263
     252     249     244     282     247     221     242     263     257     261
     251     265     238     232     241     243     242     261     233     219
     239     244     234     238     224     236     244     233     234     256
     237     240     246     253     256     220     242     247     229     231
     271     267     243     223     254     244     236     243     254     232
     208     236     228     251     225     229     242     241     236     237
     227     240     225     233     226     258     229     208     263     225
     229     253     260     248     253     237     262     224     184     230
     234     226     239     225     221     239     261     239     253     231
     228     249     272     229     230     227     264     215     188     238
     241     224     220     233     239     228     256     250     241     231
     218     228     241     254     232     197     231     223     229     230
     225     239     224     205     240     205     227     249     248     220
     254     243     243     232     220     236     217     231     223     236
     214     233     206     221     259     225     220     229     270     240
     226     252     225     244     205     204     224     251     212     236
     228     227     235     248     204     208     209     232     235     236
     221     196     216     234     220     246     218     210     199     196
     224     230     209     220     240     193     220     213     213     227
     207     209     225     217     186     190     210     230     207     212
     206     210     205     204     223     188     214     212     230     221
     189     191     214     230     218     202     191     224     213     203
     217     197     213     225     217     227     200     203     220     215
     185     206     197     219     211     218     218     216     203     221
     214     204     211     207     215     197     214     224     192     211
     221     183     216     199     194     209     217     205     228     226
     202     207     226     207     219     237     211     172     228     209
     208     210     192     208     202     208     194     206     201     182
     193     205     180     197     206     216     235     206     225     214
     189     199     197     226     214     204     200     213     188     206
     220     218     194     244     194     194     187     214     221     228
     207     172     202     212     207     202     189     199     214     194
     213     218     212     204     243     229     214     238     220     199
     221     184     223     204     177     213     215     206     220     189
     199     193     212     205     192     218     218     221     243     212
     207     206     241     248     242     202     234     235     244     219
     213     225     230     216     208     233     242     229     218     206
     230     216     241     251     217     205     227     229     252     210
     287     283     248     238     278     267     223     232     275     272
     258     264     242     250     251     256     278     260     249     272
     278     278     282     301     257     303     273     287     318     295
     277     313     318     297     303     330     376     340     326     359
     318     373     354     390     354     416     401     382     425     438
     465     462     437     498     493     557     562     577     576     650
     675     639     673     650     701     779     772     763     836     874
     874     860     949     949     995    1024    1047    1100    1155    1128
    1188    1246    1276    1294    1368    1332    1399    1356    1411    1458
    1439    1446    1489    1522    1448    1498    1567    1476    1502    1421
    1601    1503    1488    1420    1560    1419    1399    1376    1395    1335
    1267    1306    1304    1194    1224    1129    1183    1078    1101    1009
    1063    1005     941     923     948     882     778     786     779     742
     691     628     745     629     623     627     566     512     512     484
     461     475     417     405     445     425     402     367     397     379
     326     371     354     349     298     322     326     319     313     302
     330     331     321     326     400     347     336     354     356     394
     411     401     426     460     442     475     484     517     494     511
     540     547     555     614     605     629     591     650     611     630
     560     531     623     555     486     496     571     499     467     486
     477     451     395     393     366     349     321     313     298     269
     240     293     240     250     217     187     196     176     205     176
     202     193     195     167     210     184     185  101419
