$Informacoes da Fluorescencia de Raios-X:
"Sample    : mgf2_31491p16lamfi",                                                         
"Operator  : ",                                                                           
"Comment  : micromatter_mgf2 51 ug/cm2",                                                  
"Group     : kerr2007ab13liv300al",                                                       
"Date       : 2013-03-07 11:35:14",                                                       
"",                                                                                       
"Mesurement Condition",                                                                   
"------------------------------------------------------------------------------------",   
"Instrument : 700HS2   Atmosphere : Vac.   Collimator : 10(mm)   Spin : No",              
"------------------------------------------------------------------------------------",   
"Analyte               TG kV   uA      FI Acq.(keV)  Anal.(keV)  Time(sec)     DT(%)",    
"------------------------------------------------------------------------------------",   
"Na                    Rh 50 1000-Auto Al  0 - 20    0.8 - 1.2   Live -  179   15",       
"Channel_info_start",                                                                     
"Channel : Na",                                                                           
"Points : 2048
"Range : 0.000000 - 20.480000",                                                           
"Step : 0.010000",                                                                        
"Channel_info_end",                                                                       
$DATA:
       0    2047
       0       0       0       0       0       0       0       0       0    2048
       0       0       0       0       0       0       0       0       0       0
       0       0       0       0       0       0       0       0       0       0
       0       0       0       0       0       0       0       1       0       9
      17      48      37      36      41      49      45      51      57      38
      41      42      46      42      52      38      35      44      49      42
      42      41      46      48      56      30      50      40      36      45
      37      39      49      45      44      46      37      58      36      46
      45      37      42      43      25      36      42      44      29      34
      42      51      34      41      40      53      48      43      39      42
      41      42      35      40      37      52      37      37      53      37
      37      37      40      48      42      34      38      44      38      43
      34      42      48      44      49      59      69      81      93     133
     155     150     177     224     201     188     200     185     158     140
     121     111      73      71      36      64      52      50      50      36
      34      48      55      42      41      52      58      41      44      54
      48      45      46      36      50      45      41      43      34      42
      56      68      62      69      57      81      77      87     124     126
     107     129     147     154     154     135     135     137     134     130
     103     112      81      81      88      87      80      85      91      77
     108     130     168     209     231     265     283     339     325     357
     339     369     308     274     282     238     184     181     126      86
      74      82      75      60      59      41      53      38      43      33
      53      53      41      35      51      38      35      36      41      27
      44      46      36      34      33      45      42      27      21      37
      43      34      30      35      31      23      31      30      31      24
      34      29      40      27      27      41      30      35      41      39
      43      38      54      44      43      35      44      62      52      57
      43      60      64      41      52      58      57      48      51      56
      65      51      48      45      53      60      44      60      42      44
      46      32      37      49      44      42      51      39      41      44
      43      51      41      26      44      50      41      49      34      40
      41      51      48      49      44      43      49      56      54      44
      56      52      51      52      39      57      42      60      51      49
      49      56      54      59      54      54      53      61      52      60
      69      58      63      69      68      58      66      83      82      94
     133     160     182     267     287     436     509     724     969    1213
    1508    1859    2262    2751    2989    3287    3506    3731    3746    3666
    3499    3178    3020    2538    2111    1882    1470    1130     848     692
     494     403     318     271     226     199     182     240     208     199
     210     242     279     309     365     408     491     501     510     544
     573     550     496     495     460     438     356     343     257     233
     207     178     140     123     128     117     106      83      69      73
      75      88      91     100     108      77      92      91     105     102
     116     102     129     115     134     123     119     130     138     146
     130     176     178     161     163     163     161     190     160     196
     207     196     163     195     195     184     193     192     191     203
     207     202     174     219     189     191     182     192     169     174
     177     149     184     164     171     174     150     144     154     164
     156     157     159     133     157     150     133     149     137     130
     138     141     145     140     161     121     115     122     144     121
     137     151     138     120     134     123     132     128     105     126
     135     161     143     130     147     127     145     143     134     147
     143     137     120     136     131     152     139     150     136     160
     169     156     153     149     167     179     169     153     163     165
     166     191     179     179     166     201     167     171     209     174
     174     177     171     194     163     224     206     187     204     201
     189     196     183     217     229     177     215     199     206     229
     232     206     222     227     204     238     217     186     183     211
     221     212     212     220     220     213     235     216     212     202
     212     233     194     212     203     202     212     198     212     228
     245     249     223     233     227     247     243     231     241     235
     244     221     230     260     252     241     234     254     244     222
     238     263     263     246     257     285     286     286     265     276
     321     292     313     300     303     290     284     337     283     317
     297     335     318     282     291     314     295     264     296     317
     264     290     269     281     258     262     304     276     275     292
     276     267     264     303     327     307     253     291     290     293
     320     292     333     297     296     316     322     266     346     324
     318     340     297     300     332     321     311     297     293     349
     330     334     347     317     347     337     319     340     301     327
     357     334     326     365     313     345     327     333     341     332
     336     367     336     369     287     332     354     340     361     325
     335     322     303     357     380     325     304     315     305     319
     284     336     304     335     315     321     343     317     325     306
     351     351     306     333     348     313     283     309     345     326
     310     302     334     330     324     289     300     358     313     342
     309     321     314     309     298     332     301     337     324     342
     315     293     305     322     356     356     348     332     338     304
     312     326     345     364     337     348     366     387     356     370
     389     406     429     406     453     444     499     478     546     624
     609     679     726     743     792     891     865     976     997    1049
     974    1024    1102    1017    1032    1018     958     947     841     833
     787     703     667     595     535     560     447     432     470     422
     389     371     410     347     361     341     359     357     346     401
     365     368     350     347     365     354     386     404     368     444
     404     470     455     443     473     485     468     530     509     574
     518     528     502     499     553     536     453     449     431     467
     445     447     390     411     359     391     352     347     388     380
     351     359     321     359     374     321     338     314     374     385
     326     337     334     367     344     358     372     334     326     317
     360     357     336     356     327     368     345     357     347     374
     348     361     388     402     420     398     413     471     491     494
     493     529     509     568     574     588     632     660     662     697
     699     695     712     734     657     706     688     676     640     627
     580     570     560     575     526     532     501     470     518     489
     489     460     506     455     459     484     492     476     474     499
     520     480     472     467     471     445     444     402     458     439
     361     396     395     412     375     374     354     363     347     309
     352     303     342     343     345     334     321     324     345     347
     315     288     356     349     325     289     334     282     286     314
     319     313     281     328     302     306     323     340     311     307
     301     297     318     288     306     326     316     316     291     277
     339     310     286     328     348     325     314     314     313     311
     307     305     293     313     293     344     313     290     298     334
     309     353     291     324     318     301     279     296     306     294
     348     322     370     323     304     300     324     327     324     292
     280     311     295     330     304     335     336     323     310     314
     325     350     342     335     355     315     356     338     338     357
     373     366     388     384     369     349     380     364     365     337
     343     376     360     340     353     394     347     330     355     321
     365     321     324     312     328     315     287     348     327     310
     338     332     318     318     310     330     306     358     323     303
     364     350     358     323     329     349     332     332     325     356
     298     303     301     317     321     315     291     323     311     301
     353     318     288     309     306     329     315     318     327     316
     290     322     341     282     312     284     314     272     300     302
     256     274     340     325     303     283     311     305     309     292
     313     300     294     286     281     301     287     288     334     285
     284     326     281     317     322     264     296     301     292     294
     294     340     315     294     288     295     300     302     301     276
     297     304     281     293     291     321     292     283     300     291
     278     285     293     311     267     270     288     323     296     282
     317     275     286     258     286     290     264     241     291     309
     274     272     319     266     277     291     266     283     257     274
     297     334     273     276     298     260     305     283     316     319
     278     279     310     313     276     281     298     280     275     283
     276     277     259     256     279     271     279     271     266     272
     255     250     286     269     304     277     313     266     304     269
     273     271     254     285     266     270     257     301     281     258
     294     283     269     313     255     250     282     278     264     266
     308     255     247     283     248     265     263     276     242     252
     264     253     289     272     241     297     292     290     275     272
     266     252     274     256     273     257     274     291     237     253
     250     290     257     285     281     281     247     275     247     262
     254     285     264     321     288     271     271     248     272     263
     262     276     285     281     264     273     253     272     256     273
     240     288     286     256     310     249     258     275     311     281
     264     278     229     242     244     259     293     291     283     255
     272     244     256     222     254     271     249     287     253     286
     242     274     333     264     256     246     245     288     270     238
     244     249     226     274     274     249     235     265     286     252
     225     235     275     242     257     247     259     266     245     230
     238     251     246     228     251     243     232     264     249     271
     257     276     219     238     222     257     248     229     251     272
     260     250     228     232     263     222     248     222     276     239
     240     222     246     240     261     239     266     247     212     255
     263     248     235     222     228     225     249     233     252     242
     248     211     258     246     214     244     253     213     271     253
     251     250     257     215     234     281     224     207     238     247
     219     241     224     206     235     235     243     262     221     225
     233     237     204     222     244     263     215     220     224     221
     203     196     227     216     217     237     242     245     206     235
     255     250     234     221     234     210     245     208     237     230
     212     223     253     233     228     215     232     219     232     224
     245     232     211     226     217     241     253     208     242     269
     217     238     239     238     208     221     221     229     230     228
     230     203     229     177     228     219     200     211     221     197
     226     196     215     218     212     216     229     217     231     241
     230     218     217     227     229     228     233     234     234     190
     213     219     221     206     224     234     257     208     191     199
     220     221     188     214     247     224     218     229     187     238
     235     218     242     202     191     213     224     234     193     215
     197     230     207     226     231     203     225     212     209     210
     220     212     213     238     195     217     217     197     194     191
     247     213     210     200     203     203     197     195     229     196
     185     195     201     228     197     212     229     219     192     193
     197     175     215     208     218     194     202     196     188     219
     204     206     230     189     219     219     213     210     192     206
     212     227     213     209     204     215     222     225     216     223
     218     172     196     206     206     207     242     212     195     197
     230     222     220     204     210     207     203     197     208     192
     197     176     206     222     213     202     206     185     192     198
     202     189     201     241     216     208     192     181     225     211
     210     237     223     202     193     206     213     214     210     208
     179     189     214     189     206     217     222     187     211     224
     176     165     217     210     217     218     204     222     195     203
     212     193     222     221     211     228     191     182     215     207
     215     214     216     203     224     195     212     227     220     221
     210     196     189     200     216     225     215     211     211     210
     204     211     234     246     227     208     239     221     217     223
     221     234     211     226     215     224     220     183     235     219
     225     225     219     241     211     208     237     234     247     232
     269     248     238     235     264     252     241     263     251     222
     238     258     264     242     244     275     272     264     270     232
     289     278     287     254     287     278     284     260     312     276
     281     285     317     300     306     320     345     359     364     340
     377     367     376     406     387     423     355     461     437     439
     427     471     453     543     493     527     554     540     635     653
     640     660     702     697     733     761     781     768     920     875
     849     955    1019    1031    1063    1018    1109    1173    1111    1198
    1280    1265    1277    1289    1327    1405    1308    1458    1428    1441
    1445    1450    1492    1498    1420    1441    1546    1471    1474    1430
    1620    1578    1494    1465    1470    1423    1386    1443    1389    1352
    1247    1309    1320    1238    1181    1218    1142    1126    1048    1059
    1099     987     898     920     904     918     766     770     730     751
     693     624     691     636     586     546     581     474     482     493
     533     505     428     439     403     428     377     385     375     350
     350     315     340     319     303     292     297     298     341     295
     353     290     307     289     375     338     340     353     361     378
     382     427     407     436     489     510     501     530     508     529
     537     635     564     536     580     607     563     577     597     594
     563     568     592     512     537     460     535     518     459     473
     424     390     399     356     374     374     340     289     266     280
     271     233     263     228     232     194     215     206     184     207
     210     191     179     192     174     190     200  101316
