$Informacoes da Fluorescencia de Raios-X:
"Sample    : moo3_3150716lamfi",                                                          
"Operator  : ",                                                                           
"Comment  : micromatter moo3 49.8ug/cm2",                                                 
"Group     : kerr2007ab13liv300al",                                                       
"Date       : 2013-03-07 14:08:45",                                                       
"",                                                                                       
"Mesurement Condition",                                                                   
"------------------------------------------------------------------------------------",   
"Instrument : 700HS2   Atmosphere : Vac.   Collimator : 10(mm)   Spin : No",              
"------------------------------------------------------------------------------------",   
"Analyte               TG kV   uA      FI Acq.(keV)  Anal.(keV)  Time(sec)     DT(%)",    
"------------------------------------------------------------------------------------",   
"Na                    Rh 50  296-Auto Al  0 - 20    0.8 - 1.2   Live -  179   21",       
"Channel_info_start",                                                                     
"Channel : Na",                                                                           
"Points : 2048
"Range : 0.000000 - 20.480000",                                                           
"Step : 0.010000",                                                                        
"Channel_info_end",                                                                       
$DATA:
       0    2047
       0       0       0       0       0       0       0       0       0    2048
       0       0       0       0       0       0       0       0       0       0
       0       0       0       0       0       0       0       0       0       0
       0       0       0       0       0       0       0       0       0       0
      26      50      50      70      44      51      54      36      45      61
      65      59      57      64      78      41      75      57      82      77
      91      93     107     116     117     110     103     106      96      81
      94      94      87     100      70      88      89      96      76      84
      79      66      89      74      63      78      85      65      69      73
      70      42      77      75      62      82      80      74      65      78
      74      72      83      71      79      69      70      83      69      76
      72      63      77      83      69      85      60      83      64      64
      88      68      72      74      70      62      56      50      61      64
      47      63      63      74      47      58      53      66      49      50
      53      59      69      49      49      42      39      52      50      57
      47      61      45      63      52      58      43      49      51      45
      45      50      45      39      52      44      56      46      32      50
      42      41      33      49      36      53      59      41      49      54
      46      53      57      56      57      42      59      78      55      55
      61      51      59      63      79      73      85      92     106     106
     109     126     129     160     170     176     245     254     237     321
     311     309     330     288     301     254     245     271     225     229
     227     211     212     231     240     255     280     322     425     582
     775     998    1162    1569    1855    2227    2382    2694    2762    2832
    2716    2695    2550    2407    2126    2055    1975    1904    1660    1636
    1532    1468    1314    1240    1016     972     828     768     636     579
     465     430     386     329     282     283     209     181     160     174
     151     132     108      97      71      76     101      81      81      76
      72      65      47      51      47      76      73      75      73      81
      94      91      96      96      90      89      79     100      78      54
      58      58      35      32      51      43      37      36      39      33
      37      30      26      35      31      30      33      20      33      28
      36      34      32      38      47      27      36      36      30      19
      40      32      37      31      32      21      38      39      52      35
      31      24      27      38      26      43      26      44      33      35
      34      27      28      27      46      37      33      24      43      57
      47      58      84      83     124     148     212     234     308     375
     462     613     698     829     947    1061    1136    1182    1184    1165
    1055     978     907     829     572     566     413     312     271     187
     119     100     107      80      96      97      77      74      66      71
      75     103     106     147     123     147     152     169     171     172
     164     176     181     175     160     135     106     123     100      85
      71      66      70      50      54      55      40      61      34      33
      37      47      45      36      44      43      49      42      44      64
      38      46      55      63      71      47      63      61      63      66
      80      66      71      66      66      70      62      80      66      70
      76      79      73      81      97      70      78      73      71      79
      76      66      80      83      71      81      57      79      75      69
      77      71      75      55      68      60      59      68      59      66
      80      62      72      64      76      75      56      62      79      75
      62      61      61      62      59      77      65      65      73      72
      63      68      66      72      62      75      56      75      64      78
      69      56      62      60      61      54      74      71      60      71
      70      64      64      55      58      76      87      71      62      74
      77      58      83      72      82      71      69      92      59      77
      74      82      82      81      65      77      66      74      78      71
      89      71      74      72      88      76      81      85      80      89
      79      73      74      78      89      84      76      63     104      60
      65      87      79      88      62      80      78      85      66      90
      84      89      77      88      87      90      91      77      73      80
      89      97      88      85      81      94      92      97      85      97
      85     109      87      99     107      92     108      99      95     104
      97     102      83     100     103      96     106     119      87     102
     112     110      98     102     111     100      93     108     111     108
     129     106     112     123     102     117     142     110     115     113
     107     111     110     128     154     120      94     114     131     115
     117      91     126     112     117     128      99      90     111     129
     118     106      99     116     131     130      84     113     110     131
     143     146     127     113     111     109     121     148     123     118
     131     127     117     113     113     139     127     132     126     120
     130     158     114     120     118     131     114     116     117     112
     122     116     127     123     127     113     120     127     122     121
     136     123      99     129     118     128     128     135     132     107
     136     130     114     113     140     150     129      98     114     131
     137     114     127     127     122     138      95     132     103     116
     113     134     124     108     119     126     137     127     117     121
     141     141     148     109     116     129     117     147     122     110
     132     115     131     106     132     119     126     112     130     110
     115     123     118     161     142      89     137     126     131     119
     137     136     136     138     135     139     117     155     139     148
     118     161     143     143     154     152     157     150     143     168
     147     165     164     169     167     170     157     162     149     162
     142     116     142     139     142     120     120     134     130     127
     147     115     126     141     123     122     124     133     118     134
     133     124     142     127     130     119     119     131     121     110
     134     143     130     122     141     103     134     112     157     157
     134     162     147     153     181     187     183     184     186     162
     202     195     162     184     186     169     158     175     149     169
     164     143     171     151     150     133     150     111     151     136
     120     129     142     132     138     145     114     158     147     131
     121     135     143     124     126     124     132     109     129     134
     117     118     112     120     106     138     124     119     137     128
     126     124     131     116     135     137     126     122     126     130
     154     134     127     129     114     143     132     128     136     116
     143     129     139     113     113     109     128     112     129     113
     136     138      97     124     128     108     108     119     120     114
     123     139     132     113     121     109     156     124     130     104
     121     141     142     114     114     143     137     138     145     116
     128     114     118     116     126     133     107     123     101     143
     111     119     145     117     111     138     108     130     123     124
     113     129     118     112     135     115     101     126     131     131
     117     134     115     111     128     116     114     123     127     121
     113     104     141     114     120     117     128     114     110     122
      99      99     104     139      94     135     115     123     133     123
     115     118     128     131     121     113     126     116     124     113
     114     120     108     120     133     114     113     123     131     109
     129      98     121     104     126     106      97     131     122     113
     109     133     108     134     138     113     116     135     118     128
     118     119     107     110     116     108     126     120     113     107
     102     104     115     107     116     119     113     116     104     124
     109      91     124     115     126     108      95     130     109     108
     111      96     111     110     109     115     123     106     111     112
     101     131     123      93      82     108     110     112     103     110
     131     111     117      95     101     136     118     111     110      96
      95     118     123     111     121     140     126     119     111      98
     117      95     110      94     112     124     109     102     101     131
     101     126     119     109     115     112     126     112      97      93
     116     107     104     120     109     123     127      98     122     135
     124     112     119     102      98     115      80      92     117     123
      89     101     112     102     109     116     104      95      99     122
      92     116     109      88     103     122     107     120     111     102
      97      95      98     116      85      98     112     110      97     116
     104      94     110      97      90     121     102     116      94      84
     114      98      98     111     126     116     101     108     106     107
     111     106     127      97      95     123     113     106     106      96
     102     109      98     100     122      96      85     130      97      99
      97     116     111      89     107      97     110     110     111     106
     104      93     101     119     101     100     101      92      96     114
     101      80     110     104     117     112      83     123      96      82
     110      88     114     114     103     108      94     112      99      98
     104     111     114     118      91     126     102     117      94     103
      93     101      94     102      97      96      84      98      98      95
     108     110      98      91     115     114      90      95     120      81
      99     102      98     121     119     103     110     103      84      96
     106      98      97      92     102      96     103     110     100      93
      94     104     118     106      91      99     103     100     100      85
     109      94     108     122      98      98     109     103     106     103
      96      83      98      96      97     101      95      87     100      82
      93      81     104      77      94      97     104     101      93     101
      89     101      81      94      84      98      94     107      98     104
      99      94      93      90      87     100     104      96      76      98
     112      94      77      91      94     100      91      83     108      98
     106     100      94      88      83     104     109      93      88      89
     106     100      90     112      90     107      99      87     116      95
      87     109     100     113      83      95     103     107      91      77
      95      95     104      81      78      88      74      92      81      94
      81      83      95     107      95     116      92      97      94      88
      70      92      98     101     112      89      96      79      90     129
      82      99      94     108     104      94      91      98      79      82
      88      98      99      87      81      88      89      75      84      66
      88      75      92      90     114      93      93      97      88      97
      82      96      93      96     110      94     100      84     101      85
      91      89     100      87      95      87      77      94      89      95
      93      79      89      91      91      83      80      90      82      79
      89      87      87      85      88      92      89      92     108      94
      99      92      77      85      79      95      90      89      98      92
      88      85      82      91      84     108     103      84      89      93
      91      88      83      98     106     106      94     103      91      92
     104      84      77      87      96     106      76     101      82     107
     102      93      82      89      99      90      90     102      72      96
      82      87      94     103      73      74      75      84      80      92
      91      98      79      97      84      91      58     102      88      95
      88      89      89     103      93     111      98      74      95     106
      87      79      92      84     102      94     106     102      93      92
     106      92      98     113      98      96     103     100     107     102
      98     117      87     103     104      95      97      94      95      89
      99     107      93     118     109     100     112     101     115     124
     120     119     117     103     116     129      93     100     133      99
     138     120     116     119     123     118     129     132     158     128
     139     119     115     138     130     136     160     151     127     158
     166     142     154     170     162     184     174     203     206     231
     251     238     301     351     397     462     555     607     706     883
    1048    1267    1463    1770    2066    2316    2851    3195    3602    4239
    4927    5494    6013    6704    7667    8604    9138    9815   11531   11766
   12445   13245   14386   15037   15575   16163   17072   17129   17121   17504
   18194   17811   17626   17527   17404   16956   16156   15569   15023   14210
   13318   12483   12039   11436   10209    8929    8612    7751    6759    5815
    5697    4672    3869    3500    3015    2515    2087    1690    1477    1212
    1027     818     748     612     456     378     320     262     210     196
     188     170     153     120     139     127     108     115     113     106
     110     100     111      98      77      78     103      98     109     111
      98     100      92      76      97     103      92      92     103      84
      81     107     102     109      83      78      83      91      90     107
      96      80      91      83      97      95     114     111     103     111
     122     107      92      97      72     110      83     102     103      98
     102     113     107     107     109     107      93     100     109     103
      95     134     117     106     120     108     107     129     139     123
     123     122     137     152     152     138     149     157     183     162
     156     197     177     162     190     188     198     204     210     226
     202     227     227     250     254     257     249     282     317     296
     303     331     349     331     363     345     356     381     370     391
     417     395     404     432     457     462     441     442     456     485
     491     481     545     516     459     529     474     528     509     520
     542     558     549     532     577     594     597     643     721     696
     747     784     890     978     973    1172    1229    1296    1391    1543
    1651    1834    1897    1995    2198    2340    2355    2475    2818    2814
    2842    2896    3200    3030    3093    3002    3149    3045    3014    2997
    2967    2901    2595    2611    2575    2492    2394    2052    2137    1859
    1666    1650    1622    1349    1276    1123    1091    1052     936     927
     860     844     792     715     844     719     697     712     696     682
     717     700     665     654     621     613     614     601     588     528
     541     479     558     410     467     439     428     409     385     326
     300     319     283     244     262     210     284     241     190     167
     176     180     180     143     146     140     112     123     116     102
     108     100      79      73      80      69      83      63      59      63
      52      50      54      61      82      53      54   34400
