$Informacoes da Fluorescencia de Raios-X:
"Sample    : moo3_34691_16p",                                                             
"Operator  : ",                                                                           
"Comment  : micromater moo3 50.4ug/cm2",                                                  
"Group     : kerr2007ab13liv300al",                                                       
"Date       : 2013-03-06 19:58:05",                                                       
"",                                                                                       
"Mesurement Condition",                                                                   
"------------------------------------------------------------------------------------",   
"Instrument : 700HS2   Atmosphere : Vac.   Collimator : 10(mm)   Spin : No",              
"------------------------------------------------------------------------------------",   
"Analyte               TG kV   uA      FI Acq.(keV)  Anal.(keV)  Time(sec)     DT(%)",    
"------------------------------------------------------------------------------------",   
"Na                    Rh 50  263-Auto Al  0 - 20    0.8 - 1.2   Live -  179   20",       
"Channel_info_start",                                                                     
"Channel : Na",                                                                           
"Points : 2048
"Range : 0.000000 - 20.480000",                                                           
"Step : 0.010000",                                                                        
"Channel_info_end",                                                                       
$DATA:
       0    2047
       0       0       0       0       0       0       0       0       0    2048
       0       0       0       0       0       0       0       0       0       0
       0       0       0       0       0       0       0       0       0       0
       0       0       0       0       0       0       0       0       1       2
      23      58      46      45      62      49      58      57      48      48
      52      63      55      50      61      65      62      73      65      82
      78     106     120     133     114     142     132      96     123      89
      94      88      96     114      72      89      74     106      92      89
      72      72      65      71      88      90      77      84      76      66
      69      72      65      68      63      83      62      69      82      72
      68      76      67      73      88      66      65      65      66      71
      74      74      58      63      68      67      59      63      66      69
      61      72      59      74      55      51      67      54      65      60
      53      62      58      44      53      62      49      46      45      63
      58      70      60      47      49      54      37      53      30      55
      57      49      43      46      49      43      44      44      46      49
      45      41      50      49      50      43      59      48      44      41
      49      42      42      51      45      49      54      41      54      46
      42      47      52      64      50      49      53      51      71      75
      67      81      63      78      85      86      98      97     112     129
     105     133     205     193     188     212     241     312     278     401
     374     374     376     318     319     318     306     317     259     266
     229     279     248     264     267     285     321     390     455     681
     926    1210    1566    1873    2422    2962    3115    3456    3695    3814
    3546    3573    3320    3041    2889    2724    2459    2414    2117    2144
    1939    1868    1568    1513    1351    1233    1077     901     809     701
     627     527     439     408     323     320     235     184     178     183
     165     156     150     113     115     106      85      87      81      72
      74      67      54      58      57      48      73      65      80      92
      88      93     103      89      85      84      78      70      71      75
      53      40      42      37      39      28      33      44      38      39
      32      45      37      23      36      40      29      22      38      25
      28      28      30      32      35      29      31      26      28      40
      32      33      42      26      31      33      41      31      38      24
      28      47      25      30      32      25      28      33      28      35
      41      27      26      31      25      35      36      39      43      46
      53      48      59      64     109      98     137     181     204     293
     378     461     557     690     731     863     886     987     927     963
     901     804     749     665     535     454     339     304     196     160
     123     106      66      77      71      59      70      55      69      73
      74      66      92      94     110     116     126     133     154     150
     142     146     140     142     116     113     107      82      93      76
      60      62      51      52      50      39      35      41      43      35
      41      45      39      43      37      33      41      28      54      44
      30      37      53      63      48      58      51      49      59      43
      64      60      65      61      57      50      70      62      65      67
      59      70      62      71      81      74      59      72      67      51
      70      85      66      58      69      61      59      61      51      61
      63      57      59      66      75      71      50      66      62      54
      46      51      47      44      65      51      58      54      63      59
      53      52      50      44      72      57      52      49      40      59
      64      52      61      67      60      52      61      53      68      63
      53      62      49      49      64      68      57      76      45      48
      70      72      51      67      62      51      63      71      62      59
      67      60      55      66      48      82      69      61      61      72
      67      73      77      70      74      67      62      67      73      66
      62      73      70      58      57      64      62      83      61      64
      80      65      63      72      59      60      68      72      82      71
      55      65      75      84      64      63      63      84      63      88
      72      59      66      72      71      81      71      69      59      73
      94      87      90      85      59      69      86      73      81      99
      81      80      67      88      83      85      85      83      91      80
     103     101      83      83      84      99      83      99      83      96
      72      90     105      96      93     110      76      96      88      96
     103     104     108     114     115     114     105     106     120     121
      92     108     109     115     111     101      91     118     126     110
      88     112     109     114      93      94     109     118      99     103
     113      93     103      98     103     103     109     106     114     113
     103     112      99     111     133      95     111     113     105     105
     129     123     118     110     113     108     114     103     111     112
     106     100     118     115     122     112     105     134     116     109
     109     106     110     109      95     107     115     101     103     106
      98     128     128     123      96      99     100     123      92     117
      99     103      97      99     103     115     105     119     115     115
     112      88     109      92     118      84     113     105     106     107
     114     107      98     118     116     123      97     122     111     110
     133     112     125     103     111     108      96      93     111      88
     112     115      95     108     113     110     118     113     111      97
     117     122      87     112     118     118     112     104     116     113
     119     133     119     111     123     121     110     128     132     126
     121     141     111     150     126     133     135     126     133     144
     163     143     119     150     157     140     146     139     141     132
     113     130     123     128     123     130     104     121      94     109
     116     114     106     100     104     114     123     105     113     110
     107     123     133     113     138     119     105     120     112     122
     113     110     125     103     111     116     121     113     143     131
     125     144     138     141     153     143     158     166     176     165
     178     174     160     174     168     132     145     158     171     122
     136     131     111     116     128     114     112     119     117     122
     116     103     105     117     121     129     110     109     126     132
     126     105     117     128     135     121     112     121     105     104
     113     113     104     103     122     100      97     115     114     110
     107     116     110     110     109     130     122     101     129     111
     119     136     143     121     114     112     107     118     128     129
     127     123      95     103     107     106     127     109     109     104
     134     101     106     113     113     104     117     113     120     141
     116     127     113     108      99     116     115     132     114     111
     105     118     120     114     111     129     105     109     105     103
     108     106      97     123     105      98      99      98     108     107
      84     104     109     114     100      94      98     110     100      99
     101      90     122     101     108     128     109      92      94     112
     115     115      94      99      96     107      78     118     103     105
      78     104      97      96      88      91     104     113     100      80
     100      95     106     132     106     105     118     110     108     119
     114     115     100     110     114     113     114     109      98      91
      95     104     106      97     112     104     118      87      96     107
     115     100      96      93      98     111     100     115      91      94
     104     105     105     114      93      97     108     117     112     131
     113     105      95     121     103      92     111      99      84     111
     107     103     113      97      97      85      93     114     105     111
     101      89      99     107     108      96     101      88      96      92
     103      93      95      90      94     114      95     115     100     110
     101      94     110      89     110      95     112     113     122     107
     100     101      90      97     121     111     107      98      95     100
      91      85     101      94     105     104      94     110      94      99
     101      97      91     100      97     111     100     125     108      96
      90      88     109     105      97     100     105      89      86      90
      92     103      92      95      91     121      88      88      97     103
      89      96      98     100      97      76      85     109      89     107
     105     103      92     109      96      93     100     104      96     104
     103      91     106     103      85      94     111      98      96     116
     103     113      94      99      98      83     104      87      74     108
     115      88      98      97      84     117     105      89      70      85
     106     107      96      88     103      71      89      99      86      85
      86     106      98     110      94      87      88      91     100      83
      85      88     119      94      96     110      96     108      92     101
      98      89      93      89      90      98      94      94      88      81
     130      86      95      87      80      86      78      74      90     100
     104     112      94      87     104      77     100      94     112      95
      85      90      78      85      99      77      89      92     128      78
      98      69      93      78      97      90      90      85      83      89
      89     113      80      87      92      89      96      77      92      78
      95      73      87      89     100      97      90      97      97      89
      88      94      90      80     105     108      80      80     113     100
      95      71     104      75      75      89      81      98      82      94
      80      84      94      94     103      85      80      85      88      90
      83      97      88      83      84      80      61      87      88      86
      90      75      82      89      97      67      74      86      83      95
      85      86      90      65      83     101     104      92      86      81
      89      77      99      98      64      95      71      71     107      89
      76      89      92      77      68      91      77      92      76      73
     106     103      94      93     103      81      93      71     107      85
      91      91      82      86      72      93      84      87      82      82
      77      97      95      77      71      94      69      72      84      87
      82      73      74      80      75      71      83      78      71      98
      96      90      76      69      72      84      88      81      80      82
      89      93      82      72      76      78      81      89      90      93
      76      70      81      70      86      81      87      67      72      68
      71      81      99      74      60      85      72      82      71      84
      87      74      84      85      70      92      80      84      95      95
      70      72      77      73      76      93      80      93      58      75
      70      86      81      80      82      77      84      63      90      69
      81      67      88      78      75      92      73      81      81      61
      91      82      74      73      90      78      82      68      84      92
      59      55      75      76      84      78      98      66      71      83
      80      71      80      82      75      70      78      82      70      83
      70      92      82      74      68      82      83      90      68      90
      85      77      83      77     104      84      71      67      90      70
      71      72     101     105      63      82      83      88      92      73
      84      77      94      83      91      80      73      72      93      73
      66      89      81      86      91      67      81      96      85      81
      82     100      89      91      72      72      73      87      87      83
     106      86      87      72      74     104      82      92      75      88
      96      87      85      91      81      77      94      71     101      84
      78      89      73      80      86      88      97      93      82     108
      87      78      78      95      86      85      93      95      95     103
      88      99     111     100      99      95      90      93      99      93
     101     112     100      98     108     100      96      97     122     115
     117     114     120     121     123     111     111     121     120     114
     120     132     119     126     104     133     119     128     139     115
     136     142     160     151     131     151     184     182     178     211
     212     256     261     304     332     419     421     527     649     715
     918    1080    1315    1505    1654    2027    2459    2700    3088    3610
    4325    4788    5372    5933    6966    7663    8124    8800   10294   10733
   11363   11896   13060   13700   13988   14549   15765   15768   15909   16336
   16910   16673   16244   16392   16414   15787   15158   14677   14371   13686
   12593   12136   11695   10582    9773    8777    8323    7278    6507    5709
    5514    4571    3945    3388    3052    2455    2082    1804    1590    1265
    1023     861     755     535     471     385     337     283     224     186
     162     155     145     117     119     126     109      85      98      97
      91      91     129      82      92     109      96      87      82      98
      96      72      78      71      80      85      86      78      80      83
      90      75      85      81      97      72      83      89      76      84
      87      84      81      89      85      94      95      94      80      87
      72      89      95      70     101      88      92      92      96      94
      97      89      91      96     121      96     103      89     105     104
      98     106     115      95     123      96      94     121     120     133
     111     118     135     110     126     108     127     135     163     142
     145     154     140     171     174     158     164     160     176     195
     187     176     181     226     216     207     257     236     250     261
     240     263     300     281     313     309     300     316     334     341
     322     377     343     361     434     398     339     442     451     420
     397     424     436     437     454     433     496     457     475     432
     506     513     455     471     485     511     545     556     591     639
     619     683     729     775     881     969    1088    1127    1274    1281
    1469    1622    1617    1803    2053    2077    2227    2292    2487    2515
    2642    2665    2915    2836    2832    2784    2963    2891    2863    2802
    2768    2725    2571    2444    2394    2307    2213    1988    1937    1729
    1640    1528    1482    1326    1166    1051    1020     949     913     811
     855     809     714     686     740     702     626     605     656     669
     574     595     634     646     578     524     574     566     540     510
     469     462     472     425     435     360     345     365     315     278
     270     267     248     263     236     233     212     185     172     154
     151     133     117     138     126     115     100      92     100      94
      85      93      83      81      66      50      65      61      60      57
      63      48      52      48      59      57      43   29515
