$Informacoes da Fluorescencia de Raios-X:
"Sample    : nacl_15750p16lamfi",                                                         
"Operator  : ",                                                                           
"Comment  : micromatter_nacl 41.2 ug/cm2",                                                
"Group     : kerr2007ab13liv300al",                                                       
"Date       : 2013-03-07 11:24:26",                                                       
"",                                                                                       
"Mesurement Condition",                                                                   
"------------------------------------------------------------------------------------",   
"Instrument : 700HS2   Atmosphere : Vac.   Collimator : 10(mm)   Spin : No",              
"------------------------------------------------------------------------------------",   
"Analyte               TG kV   uA      FI Acq.(keV)  Anal.(keV)  Time(sec)     DT(%)",    
"------------------------------------------------------------------------------------",   
"Na                    Rh 50 1000-Auto Al  0 - 20    0.8 - 1.2   Live -  179   19",       
"Channel_info_start",                                                                     
"Channel : Na",                                                                           
"Points : 2048
"Range : 0.000000 - 20.480000",                                                           
"Step : 0.010000",                                                                        
"Channel_info_end",                                                                       
$DATA:
       0    2047
       0       0       0       0       0       0       0       0       0    2048
       0       0       0       0       0       0       0       0       0       0
       0       0       0       0       0       0       0       0       0       0
       0       0       0       0       0       0       0       0       2       5
      29      63      41      50      61      54      55      66      55      51
      63      65      58      57      55      63      55      65      68      57
      58      50      54      61      54      52      52      77      53      46
      55      59      60      59      53      58      47      53      54      59
      55      61      70      90      74      73      93     111     106     147
     159     193     211     311     323     351     348     347     330     339
     306     254     258     190     166     167     183     214     229     275
     275     317     325     341     296     315     264     236     202     215
     153     115     103      86      81      86      66      70      81      57
      68      81      64      64      70      67      63      67      59      78
      59      60      73      74      55      50      59      64      49      64
      51      67      80      76      66      74      66      79      74      61
      68      69      66      69      58      59      90      52      65      66
      62      60      53      58      49      64      77      68      67      77
      69      67      65      70      77      78      68      82      78      63
      76      70      61      74      78      86      94      84     103      98
     127     147     119     164     162     219     209     241     256     291
     266     247     285     261     241     254     212     175     186     188
     199     208     179     177     211     228     202     220     199     252
     250     266     252     270     307     308     326     325     304     347
     314     335     320     369     349     380     381     373     374     399
     396     418     432     436     511     507     630     807    1048    1412
    1953    2730    3836    5091    6562    9080   10503   12695   13921   15602
   16764   17444   16402   16738   14720   13338   11065    9372    7618    5865
    4284    3282    2284    1906    1546    1429    1445    1518    1548    1625
    1652    1651    1600    1524    1301    1237     975     837     673     479
     365     263     211     158     111      97      62      70      38      48
      51      46      42      59      33      55      53      37      51      38
      59      51      36      53      69      44      55      58      64      57
      44      43      49      51      39      55      48      42      49      64
      51      52      46      60      36      70      57      51      55      65
      68      79      41      73      55      65      52      64      83      97
     128     140     167     197     229     305     414     539     681     823
     983    1204    1369    1651    1907    2075    2140    2261    2275    2230
    2064    1890    1769    1543    1358    1154     938     694     548     418
     367     309     248     224     196     209     187     206     203     205
     202     218     230     264     306     307     334     378     315     366
     368     368     332     359     319     300     263     230     210     176
     153     126     138     123     109     102     103     102      80      95
      80      76      83      97     110      84      78     103     108     119
     103     129     119     121     117     140     139     156     157     133
     166     146     170     142     139     165     156     175     165     184
     164     180     181     170     182     190     168     179     181     175
     176     174     180     191     203     179     196     176     173     173
     148     170     148     173     158     161     153     165     144     142
     163     163     132     123     135     150     147     138     158     144
     134     125     121     130     150     113     149     134     156     131
     132     138     146     113     123     115     138     133     142     164
     109     162     133     139     145     159     176     196     221     221
     207     239     212     230     238     235     238     248     269     268
     241     248     246     266     266     238     258     240     203     208
     209     225     194     213     200     193     184     174     194     225
     176     203     149     187     189     180     167     218     188     192
     166     206     199     193     164     159     180     179     192     188
     166     190     187     198     174     215     187     198     163     204
     192     184     197     224     220     198     222     203     219     216
     203     219     194     219     196     208     244     230     229     240
     264     246     246     246     241     224     239     237     246     250
     246     240     239     259     256     270     236     266     274     296
     290     267     279     284     308     277     314     280     280     310
     290     305     340     282     285     338     323     337     296     333
     338     316     315     319     324     314     295     342     306     307
     310     289     321     312     339     318     308     276     293     283
     310     309     295     317     326     292     320     351     333     311
     317     352     322     336     317     321     336     310     307     315
     336     346     320     333     356     365     364     347     356     349
     327     337     349     373     351     337     316     336     332     337
     332     354     342     330     339     373     303     316     327     354
     305     314     301     338     289     343     328     308     344     312
     323     325     302     298     318     331     325     346     328     304
     323     274     320     326     335     324     302     301     308     315
     341     356     285     342     303     306     352     291     351     321
     318     326     299     328     312     321     304     353     309     293
     311     342     292     316     318     303     340     312     326     339
     347     337     322     335     351     364     370     353     359     359
     360     364     370     396     402     390     356     400     416     432
     390     436     442     431     408     471     468     481     447     437
     491     464     431     451     464     463     386     482     458     446
     418     436     392     386     420     354     373     405     374     406
     352     350     349     355     352     386     354     339     358     388
     364     387     368     359     359     363     346     352     370     360
     374     390     372     352     428     400     396     431     462     423
     427     553     556     585     579     591     677     633     662     656
     726     699     679     689     745     646     628     569     569     583
     525     516     467     477     429     439     413     398     407     384
     379     364     369     330     350     358     330     339     359     350
     350     376     323     305     373     350     396     366     354     346
     343     380     347     354     347     359     349     325     353     336
     363     338     365     373     355     341     311     341     326     374
     303     358     344     350     336     335     327     368     322     350
     311     357     325     344     349     317     355     319     334     335
     349     379     333     348     376     349     386     347     408     382
     384     368     385     402     365     358     360     373     354     386
     414     375     357     347     352     333     356     310     354     339
     388     364     372     340     352     346     347     320     350     347
     339     373     304     354     352     339     354     321     343     338
     335     330     320     368     336     320     338     335     328     310
     318     349     314     335     325     371     332     341     335     315
     332     318     353     354     328     325     354     350     349     337
     343     363     322     312     347     332     340     299     282     335
     291     354     334     311     295     366     326     311     326     339
     335     367     352     319     346     339     350     334     341     331
     323     317     357     371     323     347     341     336     338     369
     381     357     323     331     308     352     327     323     365     321
     347     331     352     325     310     314     316     307     341     336
     320     351     335     317     315     365     334     338     322     343
     287     326     349     343     322     363     350     364     331     296
     335     354     302     325     300     322     318     320     347     330
     346     336     302     338     326     323     354     320     342     327
     324     355     333     325     344     318     327     295     341     333
     330     300     358     323     323     349     337     296     307     324
     375     346     328     327     276     312     300     307     333     325
     335     382     318     280     330     320     331     316     300     356
     319     325     284     290     312     325     320     284     298     315
     318     333     321     340     301     332     338     320     303     310
     317     325     292     330     312     315     343     336     312     310
     278     310     320     328     288     353     309     354     320     308
     341     276     286     291     316     300     319     321     335     331
     338     299     287     324     303     308     307     327     280     312
     315     277     310     300     300     317     305     287     320     356
     302     319     286     293     287     307     308     286     324     307
     299     302     294     319     302     286     303     275     326     303
     277     310     299     324     292     270     320     306     280     278
     350     310     302     286     304     312     275     286     283     287
     294     284     300     321     274     292     300     331     290     309
     295     279     269     282     289     268     293     298     266     294
     303     315     307     298     263     318     322     264     280     334
     311     271     275     274     327     280     284     300     308     278
     272     309     292     286     284     303     309     280     258     308
     314     307     305     264     280     285     255     275     298     250
     284     269     312     312     259     262     295     294     292     280
     298     272     256     284     294     284     290     280     283     292
     260     277     270     319     256     280     287     288     279     263
     267     267     272     228     315     279     276     255     273     282
     278     258     274     291     258     234     307     278     294     274
     290     269     269     278     262     269     275     261     279     276
     262     284     282     278     299     223     295     289     308     252
     284     268     259     270     276     273     292     252     310     276
     283     250     263     279     275     283     279     273     299     242
     268     262     273     286     280     253     257     261     274     290
     273     270     255     284     262     252     289     266     248     275
     278     266     266     258     241     253     271     276     280     255
     267     275     269     266     258     258     246     244     239     276
     254     250     282     253     256     252     259     261     252     269
     271     261     270     215     262     253     204     282     235     247
     267     252     260     252     240     235     239     262     256     263
     271     229     221     263     236     236     237     257     252     238
     255     255     230     242     283     257     270     247     243     259
     235     250     237     263     273     251     272     228     269     242
     284     238     252     244     230     241     230     212     227     261
     244     209     276     225     229     213     276     266     232     235
     274     237     226     227     252     236     222     230     238     229
     240     251     242     248     235     209     247     238     232     268
     223     237     221     252     260     239     222     237     242     245
     243     239     221     234     230     220     225     239     225     235
     230     226     221     239     287     245     254     221     263     211
     237     224     224     241     200     199     237     234     238     246
     236     198     224     232     252     238     219     211     223     210
     213     251     239     202     245     231     271     220     228     236
     223     228     234     209     238     227     213     215     236     245
     240     202     247     216     212     218     253     204     240     206
     242     212     213     239     270     206     238     229     232     228
     225     237     224     192     236     207     234     256     234     228
     211     252     216     216     251     236     246     222     235     253
     208     219     226     230     215     216     211     190     235     250
     215     232     213     224     207     223     218     237     223     222
     203     221     256     218     212     214     228     218     210     180
     253     223     212     240     234     229     216     186     219     203
     195     215     235     239     216     226     207     224     205     224
     206     240     214     232     243     223     188     215     223     248
     198     197     230     189     182     220     241     214     229     226
     227     248     205     214     226     215     208     220     231     228
     214     237     197     220     215     234     246     228     230     222
     229     215     234     216     225     210     214     212     187     207
     218     207     194     228     210     213     212     213     239     213
     219     240     216     222     213     218     216     205     234     234
     212     211     264     223     232     219     224     232     208     237
     220     231     253     242     241     227     213     248     235     246
     211     244     234     259     237     263     254     235     220     245
     226     236     266     274     287     230     262     246     244     245
     256     254     294     247     263     269     287     277     269     269
     292     309     278     304     300     332     301     294     296     302
     332     306     325     337     330     328     370     373     360     383
     415     394     373     395     443     399     446     399     444     478
     450     463     514     527     523     558     562     617     609     624
     729     701     702     685     853     831     813     842     940     938
     935     968    1036    1037    1036    1118    1173    1189    1170    1204
    1336    1288    1390    1368    1475    1428    1487    1434    1479    1566
    1530    1541    1562    1575    1568    1557    1638    1573    1527    1448
    1660    1656    1497    1491    1521    1448    1488    1327    1441    1361
    1307    1355    1329    1307    1248    1193    1245    1106    1058    1077
    1093    1010     986     963     937     881     777     770     821     774
     691     710     728     671     606     577     601     531     524     462
     511     432     452     458     429     398     415     363     368     358
     369     349     357     356     350     321     348     364     318     343
     357     351     308     325     395     340     369     381     399     398
     437     405     464     467     491     521     519     481     585     513
     552     603     593     576     625     633     606     660     639     611
     597     620     614     536     530     499     562     526     480     460
     465     420     395     389     362     359     293     333     331     275
     301     259     254     223     232     225     234     225     223     203
     210     191     192     216     186     170     184  105831
