$Informacoes da Fluorescencia de Raios-X:
"Sample    : ndf3_31515",                                                                 
"Operator  : ",                                                                           
"Comment  : micromatter ndf3 45.4ug/cm2",                                                 
"Group     : kerr2007ab13liv300al",                                                       
"Date       : 2013-03-07 15:28:19",                                                       
"",                                                                                       
"Mesurement Condition",                                                                   
"------------------------------------------------------------------------------------",   
"Instrument : 700HS2   Atmosphere : Vac.   Collimator : 10(mm)   Spin : No",              
"------------------------------------------------------------------------------------",   
"Analyte               TG kV   uA      FI Acq.(keV)  Anal.(keV)  Time(sec)     DT(%)",    
"------------------------------------------------------------------------------------",   
"Na                    Rh 50  436-Auto Al  0 - 20    0.8 - 1.2   Live -  179   19",       
"Channel_info_start",                                                                     
"Channel : Na",                                                                           
"Points : 2048
"Range : 0.000000 - 20.480000",                                                           
"Step : 0.010000",                                                                        
"Channel_info_end",                                                                       
$DATA:
       0    2047
       0       0       0       0       0       0       0       0       0    2048
       0       0       0       0       0       0       0       0       0       0
       0       0       0       0       0       0       0       0       0       0
       0       0       0       0       0       0       0       0       0       1
      17      32      30      30      31      29      29      20      32      24
      22      21      16      24      27      34      30      26      21      25
      30      25      18      26      20      30      19      25      23      27
      29      30      25      35      22      29      41      29      47      41
      37      50      53      61      38      42      52      51      26      61
      44      40      31      44      47      38      51      59      50      67
      70      87     105     131     162     216     250     265     279     299
     305     299     307     246     180     206     165     137     111      84
      88      76      74      81      87      81     107     103     105     110
     126      96      90     100      99     105      91     100      92      97
      86     104      81      79      73      76      56      47      53      54
      53      55      37      53      47      48      32      39      43      44
      42      41      38      36      38      30      44      41      41      47
      35      45      27      35      20      38      41      39      35      35
      58      54      45      52      48      53      45      47      49      32
      51      42      47      37      44      35      44      42      55      48
      63      67      62      80     104     124     126     154     131     168
     143     142     112     127     116      91      88      77      69      53
      62      42      31      48      45      31      29      48      25      24
      35      24      27      17      27      30      30      35      23      26
      26      26      26      31      32      38      26      21      29      22
      26      31      32      33      20      16      19      32      31      30
      29      39      20      32      31      36      30      38      29      41
      50      34      30      42      41      43      41      35      57      33
      40      39      35      39      42      38      42      33      40      48
      48      40      42      37      41      43      41      40      44      38
      42      44      32      38      39      41      27      34      36      33
      40      32      27      33      35      23      32      29      31      29
      25      37      48      43      50      35      48      49      33      38
      40      47      39      31      45      51      45      42      45      49
      49      50      50      58      62      66      58      69      84      84
      96     102     143     121     133     148     140     170     162     150
     142     189     193     167     205     217     256     315     392     513
     643     816     908    1122    1328    1542    1637    1640    1622    1630
    1457    1453    1294    1069     983     779     598     520     358     288
     221     192     156     140     129     134     130     109     133     141
     146     159     184     214     238     260     253     305     301     327
     311     291     289     277     246     221     200     197     154     151
     118     119     115      79      84      79      81      89      67      59
      57      85      75      87      84      82      91      88      91      97
      87     103     105     105     100     108     139     124     113     123
     143     136     127     140     144     152     141     176     173     209
     236     332     343     432     478     555     637     679     768     825
     854     877     891     917     866     864     785     711     697     527
     487     421     388     336     270     258     195     188     186     171
     166     181     171     172     155     172     161     192     169     191
     172     174     174     188     195     181     183     204     226     205
     254     334     386     569     672     898    1177    1591    2147    2845
    3727    5234    6179    7976    9263   11342   12882   14778   15872   17698
   18002   18604   18186   18042   17053   15898   13983   13112   10598    9322
    7183    5955    4590    3493    2650    2034    1512    1039     718     589
     429     339     259     282     226     265     220     233     256     235
     244     348     347     438     577     768     946    1345    1719    2261
    2931    3701    4434    5478    6611    7643    8601    9695   10245   11255
   11253   11375   11535   11294   10573   10480    9346    8780    7531    6957
    6230    5338    4624    4138    3466    3178    2542    2292    2006    1724
    1486    1321    1130    1099    1080    1027    1069    1306    1414    1661
    1815    2021    2344    2579    2853    3015    3056    3069    3224    3122
    3051    2799    2542    2356    2041    1782    1561    1324    1147     879
     750     606     480     458     354     345     273     279     243     219
     253     244     239     258     256     284     262     251     266     294
     322     321     368     421     405     490     577     662     752     925
     924    1144    1261    1430    1464    1789    1673    1768    1728    1760
    1720    1717    1572    1473    1375    1262    1093     940     841     732
     615     580     525     482     490     438     545     587     619     603
     699     697     792     851     889     929     945     952     984     912
     896     806     766     715     684     600     551     472     494     421
     412     384     349     308     354     339     289     310     352     339
     308     270     261     270     262     219     241     225     208     205
     182     206     172     181     184     184     158     164     162     135
     151     158     165     154     168     162     170     146     146     143
     152     151     149     130     140     167     162     126     173     156
     145     172     161     152     160     168     163     180     156     153
     147     150     146     165     177     193     166     172     169     177
     179     178     189     192     189     214     156     195     193     190
     186     235     179     214     205     181     193     213     201     220
     218     200     211     242     248     233     237     251     250     256
     259     279     230     247     275     278     255     244     269     251
     226     225     256     227     216     229     225     233     182     203
     217     174     225     222     182     201     168     179     188     197
     169     182     198     183     169     183     182     180     192     190
     191     197     198     189     161     180     171     160     182     187
     197     205     203     217     237     245     216     255     266     235
     240     238     230     215     243     272     248     233     205     232
     239     208     203     198     221     188     178     174     167     169
     170     201     177     182     145     198     193     155     180     180
     183     176     203     167     178     174     187     199     174     173
     183     165     173     177     162     156     144     152     179     188
     185     185     151     184     186     153     168     160     156     183
     180     155     181     183     162     190     166     190     188     190
     181     191     171     159     178     190     201     195     168     192
     199     186     170     187     206     179     171     172     178     171
     169     171     195     179     177     206     208     214     199     182
     220     198     167     191     179     198     183     173     176     160
     174     160     171     176     196     195     203     152     183     187
     156     179     192     172     171     170     162     169     177     197
     177     186     185     180     193     169     192     168     185     169
     195     168     190     160     189     185     159     186     196     190
     174     166     173     172     172     155     174     170     200     171
     183     170     164     186     186     165     201     174     182     179
     188     178     168     191     169     182     186     168     178     220
     190     181     171     174     204     182     204     199     163     211
     193     184     185     170     174     184     179     172     160     169
     173     178     174     179     179     173     153     159     169     190
     173     153     154     174     159     178     162     163     179     137
     162     173     136     166     170     166     171     174     170     181
     177     184     192     164     185     201     186     167     165     179
     180     168     168     187     165     180     156     192     151     176
     151     156     184     171     172     184     173     164     142     190
     186     165     147     159     160     165     167     188     162     169
     150     158     160     184     179     192     186     149     187     143
     171     171     154     166     161     165     153     152     176     169
     186     167     167     145     161     162     160     163     162     148
     177     179     153     182     168     158     162     165     152     144
     148     179     169     172     172     172     182     188     176     185
     172     142     153     145     163     167     149     198     149     159
     159     137     160     149     153     158     151     167     137     174
     141     168     151     149     153     168     147     150     151     168
     148     145     134     144     141     156     160     142     160     132
     185     150     167     140     163     160     154     145     156     152
     129     171     144     159     169     139     132     136     132     137
     152     153     158     181     136     167     150     167     169     145
     153     146     156     155     140     147     163     148     141     143
     146     145     139     152     147     139     176     142     129     128
     137     162     130     140     153     117     146     158     130     142
     140     146     115     136     135     137     126     140     126     143
     130     134     160     135     161     171     145     153     133     130
     139     173     147     131     135     136     159     164     152     137
     134     160     141     158     145     145     153     142     124     153
     136     144     137     136     131     132     167     159     150     133
     113     135     160     154     123     141     131     153     147     132
     135     153     134     130     142     140     146     136     141     114
     154     155     123     115     139     135     140     142     135     129
     141     126     139     135     159     160     131     134     141     139
     158     139     148     135     145     146     152     135     142     127
     134     115     113     150     131     155     140     106     150     139
     132     143     131     147     116     124     121     114     139     123
     133     163     136     135     127     131     142     142     146     141
     148     134     141     145     114     141     125     119     128     123
     130     151     117     128     136     117     123     139     131     129
     123     149     129     136     129     141     125     116     140     129
     134     123     127     134     160     139     115     153     127     136
     140     139     128     122     106     133     128     111     135     131
     124     151     118     121     126     113     122     126     124     125
     136     139     121     141     125      99     121     115     114     128
     121     134     119     145     125     134     141     119     104     130
     108     136     146     123     111     121     122     115     115     142
     165     121     115     131     117     124     115     118     132     115
     131     121     125     110     134     126     112     122     127     111
     140     128     106      99     107     123     145     129     112     121
     116     144     134     112     128     108     139     111     100     108
     118     100     122     116     113     115      99     116     114     107
     124     129     124     141     125     109     110     129     116     100
     112     118     106     117     111     106     117     114     127      99
     114     115     123     105     103     103     103     123      89     116
      98     108      91     115      89     114     110     125     100      96
     109      91     113     128     117     106     131     111     106      97
     106     105     108     104     116     110     109      95     131     114
      96     124     119     105     122     119     112     114     106     105
     104     100      99     130      94     104     110     108      92     100
     107     105     116      92      97     108     119     107     100     104
      99      88     111     109     105      99     100     111     100      91
      81      92     107     131     110     105     102      98     110     107
     113      88     105     115     114     104      99      96     105     114
      96      97     100      98      76      95     109      94     111     102
     124      89     107      82     109      93     114      97      93     109
     115     110     111      90     100     102     112     107      86      95
     110     108     128     106      91     105      97     119     108      95
     107     128      92      86     114      98     103      96     107     105
     115      98      90      91     112      87      95      90      90     107
     107      97     107      97     115     111      95      84      90     110
      75      96     102      97     124     105      97     100      88      95
      92     109     116     118     113     107      96      97     102      96
     106     100     115     107     103      93      85     104     105      97
      82     110     105      97      89      91     111      91      96     106
      92     106     109      99     123     102     103      81     117     100
      97      89     148     114     104     114     106     119     102     105
      96     111     110      77     110     112      98      99     111     108
     133     126     124      92      96     102     108     118     113     122
     112     107     124     104     117     117     119     123     108     109
     124     112     143     118     118     105     104     129     133     122
     136     133     147     139     117     145     115     127     130     134
     115     129     150     132     149     121     136     139     134     141
     174     187     174     164     172     190     171     206     201     190
     218     218     214     217     217     230     228     294     238     261
     269     318     307     306     303     326     339     321     399     381
     377     364     404     473     427     430     504     487     510     509
     546     524     531     521     603     542     600     517     627     622
     607     625     675     626     615     670     637     642     616     658
     717     644     651     671     626     600     588     586     559     569
     579     577     567     536     510     516     506     466     485     467
     481     444     423     404     406     374     361     374     306     325
     291     291     301     280     281     264     277     240     215     211
     228     244     184     198     191     184     147     176     167     183
     170     136     146     150     140     174     170     150     151     182
     166     160     169     161     182     207     211     210     250     247
     255     278     281     284     294     339     357     352     369     320
     388     391     410     374     381     438     441     428     419     396
     390     434     380     386     369     338     364     357     317     297
     288     265     254     243     246     196     211     177     186     172
     158     124     125     119     127     121     117     121      96      87
      90     100      80      84      85      75      93   48842
