$Informacoes da Fluorescencia de Raios-X:
"Sample    : ni_15757p16lamfi",                                                           
"Operator  : ",                                                                           
"Comment  : micromatter ni 46.1 ug/cm2",                                                  
"Group     : kerr2007ab13liv300al",                                                       
"Date       : 2013-03-07 13:06:23",                                                       
"",                                                                                       
"Mesurement Condition",                                                                   
"------------------------------------------------------------------------------------",   
"Instrument : 700HS2   Atmosphere : Vac.   Collimator : 10(mm)   Spin : No",              
"------------------------------------------------------------------------------------",   
"Analyte               TG kV   uA      FI Acq.(keV)  Anal.(keV)  Time(sec)     DT(%)",    
"------------------------------------------------------------------------------------",   
"Na                    Rh 50  215-Auto Al  0 - 20    0.8 - 1.2   Live -  179   21",       
"Channel_info_start",                                                                     
"Channel : Na",                                                                           
"Points : 2048
"Range : 0.000000 - 20.480000",                                                           
"Step : 0.010000",                                                                        
"Channel_info_end",                                                                       
$DATA:
       0    2047
       0       0       0       0       0       0       0       0       0    2048
       0       0       0       0       0       0       0       0       0       0
       0       0       0       0       0       0       0       0       0       0
       0       0       0       0       0       0       0       0       0       1
      12      19      18      17      20      17      14      13      11      14
      18      11       8      11      12      11      10      11      11      14
      14      14      12       8      10      18      13      10      12      16
       6       6      12      12      14      19      14      22      20      23
      24      23      26      28      18      33      43      38      49      87
      81     138     141     163     161     157     170     202     167     135
     133      93      82      74      67      58      33      30      26      32
      19      16      16      12      11      12      12      24      15      15
       9      18      16      22      11      14      14      14      10      15
      12      10      17      15      12      17      12      11      11      11
       8      13      16      14      10      15      18      18      20      20
       8      20      23      22      20      10      19      25      22      24
      19      16      18      17      19      22      12      15      18      11
      14      13      17      11      13      19      17      23      20      30
      20      36      35      26      23      28      18      20      22      24
      19      13      17      25      18      18      17      24      16      29
      25      28      29      27      27      32      32      61      50      53
      67      50      47      47      40      49      26      24      25      22
      18      14      16      20      14      19      12      11      10      13
      15      19      25      16      18      13      15      26      14      13
      14      12      12      15      15      20      18      13      15      11
      11      11      11      13      16      22       9      11      10      14
      11      18      15      17      10      17      15      35      17      15
      18      20      19      18      19      22      12      22      22      25
      13      20      18      11      14      16      18      10      17      14
      15      19      18      22      14      12      22      19       9      15
      13      30      22      17      19      16      28      17      16      16
      13      15      18       6      12      11      18      18       9      13
      17      14      13      13       9      18      12      23      11      19
      17      16      20      19       8      17      14      18      14      18
      15      17      19      19      20      23       9      12      17      11
      15      15      20      13      19      28      14      16      20      19
      33      36      33      42      59      65      96     110     141     197
     187     265     343     362     443     431     479     527     522     504
     486     421     414     320     252     202     181     163      87      79
      61      70      58      58      49      45      39      50      37      57
      49      50      59      64      67      82      66      70      79      83
      87      83      81      70      69      70      49      65      46      66
      33      42      35      32      20      39      29      33      32      24
      27      29      25      32      27      37      29      23      39      31
      29      40      37      40      29      37      33      33      37      45
      39      51      41      44      50      54      38      51      37      57
      43      33      49      41      43      41      43      42      45      49
      51      45      46      39      41      33      45      46      54      40
      33      43      44      40      45      36      44      35      29      45
      46      41      28      41      29      30      42      37      33      40
      41      33      33      41      32      29      33      41      25      33
      33      32      36      40      33      39      31      33      42      49
      43      32      23      40      35      32      41      32      35      41
      50      51      41      39      38      38      36      39      32      41
      43      44      36      47      56      44      51      51      38      58
      41      49      54      35      50      43      38      50      42      44
      41      49      52      69      44      57      80      63      55      81
      84      74      83      97     120     128     143     153     148     154
     159     163     161     167     154     175     155     128     125     119
      99      69      90      83      77      73      79      64      74      82
      68      72      81      64      77      69      56      79      83      73
      68      72      97      83      70      81      78      82      98      91
      76      97      97      68      87     107      84      82      88     101
      93     109     107     106      82     118     108      94     123     119
     116     148     119     118     140     142     133     143     138     151
     142     145     139     114     124     121     138     118     102     137
      85     120     100     114     109     105     107     113      96     107
      95      95     106     118     129      88      86     124     106      92
      91     108      90     109      86     118      96      91     104     108
     102     104     108     125     115     106     131     115     112     107
     135     128     115     125     134     135     135     133     156     141
     170     151     162     150     156     169     177     175     159     170
     195     186     207     221     236     208     241     258     264     294
     365     392     436     574     781    1000    1416    1848    2620    3548
    4680    6158    8400   10381   13092   15969   20267   23588   26661   30594
   35368   38249   40141   43157   44239   45421   43804   42950   42010   39027
   34995   31682   28731   24601   20234   16790   14051   11421    8602    6851
    5294    3804    2774    2087    1555    1081     743     504     442     344
     266     242     184     189     190     162     151     162     165     164
     166     163     154     175     161     161     149     149     163     168
     178     180     176     188     190     224     241     224     251     245
     276     311     288     366     388     451     539     649     910     996
    1202    1460    1786    2162    2501    2979    3461    3829    4208    4585
    4984    5503    5483    5800    5841    5810    5391    5334    5120    4847
    4186    3833    3366    2951    2461    1995    1648    1388    1031     890
     661     588     379     318     296     189     157     153     123     116
     108      98      92      99      99     135     113     112     109     118
     133     115     104     108     113      99     111     110      88      92
      99      90      92      97      80      85      80      98      77      73
      93      78      58      77      72      70      74      59      76      63
      69      76      72      83      78      98      71      90      60      70
      68      64      76      68      64      74      66      73      73      84
      57      76      65      70      65     101      68      86      70      88
      90      80      69      79      61      76      87      67      82      59
      84      72      79      82      68      99      88      88      69      97
      93      86      85      91      95      85      79      93      96      83
      96      86     104      91     107      82      87     101      94      84
      81      93      85      78     100      92      82     107      83      95
      84      76     100      94      94     100      96      88      96      86
      73     116      69      84      83      73      69      82      96      83
      91      84     104      73      77      92      69      66      73      80
      70      81      76      68      76      86      66      79      85      84
      64      76      90      81      78      63      81      85      74      65
      80      63      77      67      64      83      73      84      70      83
      58      65      68      77      57      64      68      73      70      64
      74      94      76      74      61      71      81      72      67      67
      87      67      61      94      74      69      69      73      84      80
      65      76      81      78      99      72      80      68      71      70
      72      59      71      71      67      96      73      76      71      69
      64      67      84      63      68      74      65      72      82      67
      76      77      80      67      68      95      92      66      78      60
      79      85      76      92      74      68      86      80      77      67
      61      69      87      76      69      63      66      74      61      83
      78      79      64      64      70      72      71      71      59      68
      70      77      64      81      85      74      67      78      74      79
      82      80      66      72      72      72      74      71      84      76
      81      90      51      61      76      69      71      61      57      80
      65      80      59      87      78      63      74      51      65      63
      71      64      67      69      67      66      79      58      74      67
      63      61      69      72      65      68      76      86      54      70
      76      60      79      72      78      71      70      67      65      65
      64      81      83      80      81      70      59      73      59      63
      59      66      86      69      61      52      60      64      66      54
      73      82      70      64      78      67      66      80      52      72
      66      58      70      61      64      59      71      61      74      79
      54      65      84      67      54      58      60      73      73      53
      68      57      66      66      72      69      50      56      66      66
      71      73      77      70      67      82      57      66      65      57
      65      87      74      74      68      58      58      53      53      64
      70      70      66      76      71      59      76      69      71      64
      58      82      66      66      65      68      73      66      51      68
      70      76      72      65      69      77      68      76      64      60
      54      71      73      76      81      68      80      65      72      91
      76      71      70      69      68      60      46      64      79      85
      73      76      74      74      68      70      64      56      46      68
      65      64      67      59      66      76      74      66      58      77
      60      59      55      54      71      67      71      39      60      72
      68      52      60      56      56      52      54      60      70      61
      69      69      70      82      71      68      67      64      52      66
      65      53      43      43      71      54      51      52      53      54
      66      54      69      52      54      55      58      57      68      58
      53      54      63      64      43      42      64      66      70      54
      58      54      61      47      61      66      60      51      55      56
      64      53      58      77      72      64      51      50      53      56
      58      54      42      56      67      61      73      58      46      43
      54      44      54      53      64      52      52      57      60      69
      59      64      64      50      49      56      52      67      53      66
      61      64      66      55      61      57      67      78      73      66
      70      77      76      73      66      73      66      94     111      94
      87     109     101     126     124     140     137     164     145     125
     133     151     156     123     140     110     143     135     140     115
     120     126      98     106     119      97      79      81     102      88
      71      79      69      77      71      66      60      65      58      59
      44      65      58      38      44      56      42      57      56      54
      44      42      60      52      56      56      61      44      58      50
      50      59      56      61      53      56      40      67      58      58
      53      59      65      54      68      70      58      87      63      68
      66      64      70      76      84      78      74      58      78      73
      81      87      77      83      85      94      54      68      81      74
      56      67      61      63      86      59      60      57      58      61
      56      63      53      65      59      56      47      53      58      61
      53      50      40      47      59      47      45      42      45      45
      60      61      63      57      44      51      42      52      47      38
      52      61      59      41      50      49      49      57      35      52
      36      42      57      45      47      63      35      38      46      55
      57      51      47      58      50      42      50      59      55      46
      60      41      67      65      51      54      45      57      54      38
      47      52      41      42      57      49      51      39      55      55
      46      43      46      50      40      40      50      57      47      54
      41      45      45      31      59      59      60      43      38      49
      50      55      55      49      47      44      59      41      41      65
      67      55      42      56      56      46      56      49      57      52
      55      56      47      50      45      45      36      55      55      42
      36      54      45      42      63      46      53      45      47      55
      44      44      50      46      54      41      51      58      50      36
      52      43      47      53      47      56      52      49      52      47
      61      60      49      33      45      66      37      42      54      56
      40      45      69      63      47      58      52      54      60      36
      50      42      65      40      44      57      57      49      44      45
      47      59      42      43      53      57      53      36      49      59
      64      47      72      55      38      57      57      63      51      52
      56      45      40      51      57      60      74      42      51      59
      52      54      56      60      56      49      51      60      50      56
      56      52      55      59      63      41      65      46      61      80
      68      55      64      65      53      78      82      70      64      55
      67      61      70      82      74      57      60      70      63      74
      78      69      79      72      74      92      93      72      59      72
      87      71      82      97      96     112      69      99     105     114
     108     109     109     111     125     135     131     147     147     135
     151     137     126     153     175     195     166     187     203     187
     186     217     198     207     248     228     261     223     251     280
     296     296     294     264     313     279     315     339     340     329
     305     327     316     339     329     306     329     329     308     302
     360     341     325     326     334     286     289     291     296     325
     276     277     299     273     257     272     242     228     231     261
     227     204     202     214     197     193     165     166     171     173
     142     126     165     176     114     125     125      99     125     114
     105      90      95      85     108      92      70      82      92      65
      79      77      87      69      96      68      77      82      87      77
      87      69      87      70      85      78      94      87      98     107
      94     108     110     132     125     125     153     129     138     151
     150     156     142     175     180     152     180     153     175     166
     164     151     155     163     134     113     165     137     128     116
     131      99      99      79      78      84      83      80      67      83
      67      43      65      60      57      43      63      49      43      46
      37      42      42      43      45      50      47   23630
