$Informacoes da Fluorescencia de Raios-X:
"Sample    : pb_15772",                                                                   
"Operator  : ",                                                                           
"Comment  : micromatter pb 54.5ug/cm2",                                                   
"Group     : kerr2007ab13liv300al",                                                       
"Date       : 2013-03-07 15:49:32",                                                       
"",                                                                                       
"Mesurement Condition",                                                                   
"------------------------------------------------------------------------------------",   
"Instrument : 700HS2   Atmosphere : Vac.   Collimator : 10(mm)   Spin : No",              
"------------------------------------------------------------------------------------",   
"Analyte               TG kV   uA      FI Acq.(keV)  Anal.(keV)  Time(sec)     DT(%)",    
"------------------------------------------------------------------------------------",   
"Na                    Rh 50  215-Auto Al  0 - 20    0.8 - 1.2   Live -  179   21",       
"Channel_info_start",                                                                     
"Channel : Na",                                                                           
"Points : 2048
"Range : 0.000000 - 20.480000",                                                           
"Step : 0.010000",                                                                        
"Channel_info_end",                                                                       
$DATA:
       0    2047
       0       0       0       0       0       0       0       0       0    2048
       0       0       0       0       0       0       0       0       0       0
       0       0       0       0       0       0       0       0       0       0
       0       0       0       0       0       0       0       0       0       3
      18      35      42      33      42      43      34      39      35      44
      54      35      48      43      30      55      32      39      44      58
      42      49      66      66      86      96     108     131     126     164
     149     136     163     145     124     123     112     118     111     103
     107     116     108      86      72      71      58      64      49      46
      43      48      47      40      47      34      46      39      65      44
      52      57      55      43      39      57      55      44      53      35
      46      35      55      36      39      41      40      41      33      41
      40      28      35      35      40      35      50      32      35      42
      40      41      38      30      49      36      42      44      34      31
      39      48      41      49      39      40      42      50      42      42
      47      37      39      47      40      61      38      44      39      65
      37      51      58      43      43      54      56      48      51      35
      54      54      58      52      57      74      62      60      60      75
      89      96     106     116     144     209     205     260     308     331
     394     435     427     470     431     404     371     329     303     277
     246     224     222     190     202     186     179     169     213     196
     229     237     211     220     214     263     226     248     201     227
     271     304     309     345     296     407     367     386     398     430
     463     557     540     673     857    1123    1343    1853    2437    3218
    3621    4373    4736    5421    5690    5919    6092    6010    5806    5815
    5543    5470    5081    4998    4605    4408    3725    3478    2966    2509
    2083    1658    1366    1104     792     670     502     486     460     505
     468     562     589     620     613     596     556     574     539     487
     397     321     275     260     185     156     134     148     111     121
     126     107     111     105     120      96     114      95      91     101
      76      86      94      94      95      98     105     105      82     119
     122     151     144     192     184     219     220     230     237     256
     244     266     258     213     223     201     184     161     145     150
     120     123      82      76      67      75      62      51      53      43
      42      33      41      41      29      47      25      23      31      49
      33      35      46      24      39      37      34      43      61      52
      62      36      41      78      78      98     116     126     146     163
     216     268     303     361     354     437     443     482     478     490
     424     406     360     318     255     246     175     154     116      93
      80      69      71      55      61      44      58      55      41      51
      56      53      53      49      54      78      73      68      94      80
      79      88      83      76      75      68      59      61      52      59
      46      35      36      39      43      23      37      29      29      24
      42      42      34      28      30      54      40      31      22      30
      30      40      32      51      33      39      41      50      34      46
      29      47      48      39      54      47      37      50      57      49
      39      48      46      57      58      59      54      49      59      55
      59      57      64      46      48      54      55      50      57      56
      53      58      55      47      57      60      58      64      55      46
      58      57      58      60      53      75      67      64      74      54
      53      69      71      61      61      70      56      73      73      75
      71      61      52      70      71      57      61      61      57      54
      51      52      52      49      56      53      56      53      47      49
      44      55      59      55      58      58      53      60      53      67
      48      54      64      57      62      61      64      61      46      82
      61      75      66      55      67      69      51      56      65      59
      51      69      53      60      55      78      64      77      58      68
      65      74      67      75      91      72      74      72      65      67
      69      78      67      62      79      69      64      82      71      87
      85      84      88      94      85      96      78      88      83      97
      90      87     104      85      88      84      96      96      84      98
     100      88      84     102      91      88      84     108     102     103
      96     103      92     106     122      92      90      95     100     104
     115     101      96      97      93      96     111     103      98     110
     120     130     124     119     121     128     149     164     131     151
     128     152     154     141     114     149     132     128     151     134
     125     128     128     137     131     124     121     126     142     144
     130     143     126     131     127     112     137     123     128     125
     141     123     123     112     123     133     115     115     112     124
     121     118     136     121     103     126     125     133     122     120
     106     129     128     106     137     114     124     124     136     108
     119     119     115     122     122     115     122     122     149     120
      97     114     115     118     130     113     120     131     114     112
     107     111     116     108     109     108     103     119     114     119
     107     113     120     130     130     109     137     123     139     140
     144     139     150     115     140     149     147     140     121     130
     138     118     127     109     128     124     128     125     111     120
     134     119     126     140     121     125     125     120     137     131
     140     130     132     142     143     132     140     146     121     138
     125     129     158     140     142     158     118     131     136     151
     132     162     163     151     149     177     163     157     143     195
     178     183     179     169     173     159     162     166     161     160
     162     147     146     150     146     142     160     134     139     130
     134     133     128     146     132     125     121     136     146     147
     131     114     134     132     148     129     123     129     124     120
     124     127     118     140     145     130     114     133     141     122
     149     145     178     174     157     156     186     181     195     187
     165     196     185     182     157     200     186     191     179     168
     193     160     154     166     173     137     137     160     164     160
     169     146     148     169     144     148     169     147     155     163
     142     146     156     172     152     175     201     201     193     258
     258     273     324     364     414     462     510     588     666     698
     771     829     866     921     929    1008     959    1047     952    1034
     916     916     838     826     723     677     588     550     490     426
     345     347     307     284     241     218     196     197     174     192
     161     149     148     150     178     168     167     161     164     170
     162     132     147     138     147     142     134     128     132     157
     168     146     132     132     132     154     150     133     146     137
     133     116     147     146     119     142     131     123     155     131
     134     136     116     139     174     139     150     154     162     134
     159     139     172     159     130     175     138     157     162     144
     166     162     148     141     151     131     156     166     147     159
     148     139     169     190     185     182     174     206     198     246
     222     252     274     310     411     444     524     608     746     882
    1041    1392    1565    1992    2250    2870    3319    3897    4394    5441
    6316    7241    7936    9107    9978   11239   11657   12799   13637   14348
   14483   14791   15524   15364   14692   14513   14164   13529   12255   11424
   10577    9598    8356    7471    6533    5710    4671    3907    3352    2668
    2150    1788    1445    1147     882     746     565     475     390     343
     316     280     230     202     201     205     206     178     180     161
     185     173     170     169     163     167     158     142     146     155
     140     169     110     133     139     140     134     169     134     136
     157     136     149     161     152     165     193     188     170     190
     211     238     231     272     251     276     286     312     278     327
     325     334     352     321     329     328     304     294     300     301
     280     272     222     244     219     197     205     192     167     144
     149     133     162     149     126     137     124     132     131     122
     141     111     106     114     137     118     105     142     123     138
     142     132     122     120     124     111     132     125     142     124
     126     138     130     157     154     144     154     159     130     166
     146     166     170     166     177     196     165     213     216     242
     236     256     275     277     337     346     325     358     396     410
     397     466     460     494     505     558     635     642     626     610
     658     679     738     742     714     730     733     759     810     777
     804     870     850     843     889     952    1067    1168    1314    1418
    1698    2037    2282    2709    3139    3535    4168    4555    5545    6107
    6481    7107    7969    8250    8601    9317    9921    9756    9851    9947
   10159   10172    9572    9346    8987    8381    7889    7178    6877    6134
    5576    5042    4580    4014    3608    3045    2809    2331    2066    1824
    1701    1479    1357    1134    1073     954     899     835     746     766
     623     681     648     605     592     596     596     598     562     599
     540     485     511     496     464     466     410     416     384     370
     285     338     317     278     275     239     219     211     216     214
     208     169     168     177     150     149     131     145     146     142
     158     155     141     142     129     114     138     140     109     107
     128     130     108     124     105     123     106      97      82     103
      91     109     106      90      86     101      91      80      94     115
     104      93     102     105      98      74      95      95      87      77
      72      84      86     101      95      80      93      97      88      88
      83      87     102      83      74      72      86      95      77      97
      88      71      79      84      94      84      96      92     102      77
      86      96      80      86      90      93      90     121     116     113
      93      87     103     119     122     107     111     127     113     131
     127     124     146     120     137     140     115     139     146     131
     134     136     139     175     137     130     141     137     141     134
     133     128     108     131     145     139     137     180     172     204
     215     218     285     313     361     403     444     538     506     637
     702     806     800     953    1081    1172    1185    1245    1322    1365
    1379    1464    1475    1477    1409    1371    1382    1376    1267    1299
    1271    1166    1090     989     915     812     704     678     644     582
     504     468     434     414     398     383     436     311     370     330
     356     383     373     371     438     439     457     542     478     519
     489     516     511     548     467     506     523     516     467     409
     468     446     437     379     409     352     311     291     284     256
     273     198     198     205     159     161     154     142     113      94
     115     122      85     108      87      92      93      88      86      77
      79      90      68      75      82      84      92      91      82     104
     111      92     101     103     137     116     109     108     114     109
     127     109     121     124     121     139     125     123     121     100
     122     111     115     101     107     114      79      85      82      86
      89      78      87      89      57      70      82      86      88      60
      71      76      78      72      62      79      62      65      66      71
      57      75      75      64      82      72      68      70      74      61
      74      61      78      55      72      62      59      67      73      67
      58      61      75      55      48      79      66      74      58      61
      59      70      61      73      56      56      48      73      60      62
      61      46      61      72      59      80      58      85      51      49
      74      73      68      64      69      80      57      67      65      64
      52      74      61      62      60      64      58      69      52      72
      69      49      66      57      68      60      69      65      57      72
      67      70      69      68      75      56      76      62      40      69
      62      54      74      65      65      60      61      68      54      73
      60      66      57      66      59      65      62      59      72      58
      66      67      70      62      69      54      51      54      77      59
      62      67      52      70      58      72      52      62      58      60
      64      64      58      56      66      66      69      58      66      76
      67      61      56      53      64      62      58      67      64      47
      60      58      52      58      44      58      59      67      64      69
      62      52      72      60      68      69      84      59      70      47
      56      73      66      67      70      66      73      67      66      61
      64      74      70      62      47      71      61      71      51      70
      58      60      50      71      69      53      60      69      61      68
      64      73      56      67      67      73      78      67      66      60
      51      65      85      56      64      70      74      65      75      71
      76      80      75      71      70      69      76      71      56      82
      87      78      60      84      69      74      79      88     101      73
      76      90      66      71      82      93      98      84      90      79
      96     111      95      98      94     102     103     114     130     125
     111     118     128     129     110     126     143     132     123     141
     178     148     161     162     187     166     187     198     224     215
     216     245     221     234     236     217     245     257     245     250
     266     287     293     292     325     313     312     301     334     340
     310     345     360     332     336     325     343     347     346     294
     378     336     334     330     346     309     322     340     313     288
     334     319     304     325     240     255     263     254     236     224
     250     238     244     224     217     204     188     187     186     166
     142     152     172     166     133     124     125     152     128     116
     131     112     125      98     127     120     112      85      89      70
      78      76     108     100      90     103      98      80     108      98
     112     100     121     120     110     147     140     154     159     170
     198     175     205     200     221     236     264     284     280     292
     318     319     311     330     359     336     352     330     330     332
     309     320     322     318     307     265     301     281     274     264
     268     215     221     213     184     185     151     133     149     107
     137     104     131      92     105      86      59      80      77      56
      78      53      60      57      56      52      54   30150
