$Informacoes da Fluorescencia de Raios-X:
"Sample    : pb_34715_16p",                                                               
"Operator  : ",                                                                           
"Comment  : micromatter pb 58.5ug/cm2",                                                   
"Group     : kerr2007ab13liv300al",                                                       
"Date       : 2013-03-06 22:04:23",                                                       
"",                                                                                       
"Mesurement Condition",                                                                   
"------------------------------------------------------------------------------------",   
"Instrument : 700HS2   Atmosphere : Vac.   Collimator : 10(mm)   Spin : No",              
"------------------------------------------------------------------------------------",   
"Analyte               TG kV   uA      FI Acq.(keV)  Anal.(keV)  Time(sec)     DT(%)",    
"------------------------------------------------------------------------------------",   
"Na                    Rh 50  196-Auto Al  0 - 20    0.8 - 1.2   Live -  179   20",       
"Channel_info_start",                                                                     
"Channel : Na",                                                                           
"Points : 2048
"Range : 0.000000 - 20.480000",                                                           
"Step : 0.010000",                                                                        
"Channel_info_end",                                                                       
$DATA:
       0    2047
       0       0       0       0       0       0       0       0       0    2048
       0       0       0       0       0       0       0       0       0       0
       0       0       0       0       0       0       0       0       0       0
       0       0       0       0       0       0       0       0       0       1
      22      33      24      44      30      47      38      36      37      44
      43      40      35      42      44      39      51      43      42      42
      57      44      57      72      88      77      99     124     118     161
     152     135     126     162     130     124     112      93     106     104
     111      99      88      77      76      60      73      57      58      48
      41      32      36      33      38      45      44      34      49      49
      50      43      44      45      47      44      51      43      42      36
      33      49      33      42      31      39      31      44      47      35
      38      33      29      45      38      25      31      40      39      30
      37      49      22      32      47      39      49      42      36      33
      43      45      44      33      26      53      37      38      40      36
      27      54      34      38      38      35      55      38      47      44
      40      53      45      40      44      50      48      40      55      60
      41      41      51      50      60      61      62      57      60      67
      78     101      97     119     125     164     232     258     281     365
     385     411     396     447     445     352     345     338     279     258
     223     214     206     197     170     167     191     213     163     191
     186     207     187     204     205     227     205     241     243     259
     234     246     276     318     347     401     387     386     380     428
     412     465     559     663     847    1026    1311    1874    2327    2926
    3415    4212    4587    5270    5394    5723    5790    5777    5497    5691
    5248    5142    4851    4698    4325    4320    3574    3292    2860    2489
    2092    1624    1360    1052     782     662     513     469     437     478
     463     486     507     597     560     599     608     534     510     496
     413     361     287     248     227     182     144     128      98     128
     108     106     104     111     105      85      80      90      86      82
      87      75      95      78      69      75      66      78      97     108
     105     144     134     177     174     204     195     250     211     229
     235     203     226     251     185     200     176     152     133     131
     104      87      90      69      51      58      48      45      35      32
      32      36      29      22      30      37      38      25      24      26
      38      25      38      33      34      33      29      34      30      35
      60      56      43      59      76      89     111     100     125     151
     190     238     258     284     300     389     393     395     392     433
     334     366     355     248     227     218     164     127     122      93
      81      60      60      54      52      66      43      44      52      42
      44      52      47      61      63      61      58      81      68      86
      59      77      53      59      51      70      50      53      45      44
      32      39      31      29      31      32      25      23      20      29
      32      25      25      27      41      29      23      38      26      42
      37      47      34      22      29      32      37      22      48      48
      42      52      50      55      63      38      45      51      44      58
      49      37      58      47      41      51      64      60      41      53
      59      75      56      56      53      47      42      60      48      44
      44      45      50      41      45      44      48      44      48      60
      66      52      55      35      45      50      60      61      52      50
      54      72      53      52      50      63      39      60      56      62
      52      63      58      48      44      57      48      63      51      58
      42      73      64      69      48      62      55      69      60      64
      73      63      69      57      53      69      61      87      60      81
      66      58      69      77      57      82      74      74      70      61
      69      82      67      67      75      86      59      67      75      76
      80      43      59      69      63      63      79      61      66      66
      78      74      68      76      63      68      66      50      67      62
      63      63      63      52      62      75      57      57      71      76
      69      56      64      88      57      74      69      53      70      71
      63      75      60      71      71      73      77      84      75      78
      70      72      71      89      77      72      90      87      89      78
      68      90      62      96      90      76      95      85      74      75
      94     100      96      94      91      90      88     115     100     123
     106     125     111     115      97     114     101     123     113     124
     107     126     113      81     125     110     101     125      80      99
      92     103     111      94     112     113      84      87      96      87
     109     119      92      92      96      99      92      92     101     125
     101     116     122     125     109     100     108     136     111     136
     106     119     117     122     118     115     121     146     107     138
     126     123     141     124     140     114     128     161     134     112
     130     114     121     141     114     115     122     123     108      96
     144     131     121     112     129     119     104     136     113     132
     116     115     118     113     113     113     111     119     119     114
     118     108      97     109      95     105     112     103     118     106
     122     145     134     110     118      96      98     127     154     116
     125     127     110     111     110     130     122     110     123     118
     128     125      93     107     114     103     100     116     134     118
     129     129     126     118     124     131     112     127     117     115
     123     117     106     110     124     114     122     123     160     155
     132     136     134     136     159     176     168     153     162     158
     189     164     164     169     179     199     172     192     178     173
     163     172     145     141     143     171     152     146     128     152
     147     136     132     132     121     119     115     116     121     117
     112     142     116     107     126     137     128     126     131     117
     135     119     110      99     126     150     140     133     134     129
     108     107     134     143     105     119     153     142     147     155
     159     158     142     142     172     137     133     141     124     155
     129     125     134     178     142     135     167     136     136     142
     118     156     144     128     140     132     126     127     131     152
     142     118     135     144     160     169     186     190     196     201
     242     285     295     318     364     395     454     608     567     682
     749     788     798     848     950     983    1019     983     973     894
     888     927     763     781     696     667     597     510     544     487
     394     345     304     278     240     188     196     203     165     193
     182     158     155     137     147     180     158     137     132     158
     131     126     138     148     134     146     141     136     133     140
     146     128     118     133     156     110     135     137     148     135
     127     130     126     127     105     122     110     125     122     117
     119      96     142     116     140     121     122     123     134     134
     126     136     124     143     127     132     146     145     131     148
     126     150     130     122     150     125     132     148     137     141
     124     164     134     159     138     165     146     179     170     205
     186     232     232     282     326     399     493     554     698     842
     987    1206    1482    1768    2070    2603    3139    3650    4232    5122
    5687    6760    7215    8490    9372   10565   11118   12023   12784   13562
   13885   14151   14695   14827   14309   14100   13648   13159   11923   11053
   10163    9169    8198    7396    6582    5525    4786    3998    3381    2693
    2090    1861    1447    1137     903     734     603     493     405     351
     262     275     230     209     190     186     162     197     143     162
     150     135     159     160     116     116     138     150     144     130
     117     134     127     129     133     142     104     124     127     156
     133     127     132     162     176     151     162     179     155     179
     203     206     233     255     242     261     253     297     287     313
     317     331     331     288     339     306     309     291     276     279
     252     236     234     219     198     181     165     162     146     165
     162     134     121     107     115     131     116     132      92     115
     109     114     119     111     117     100     124     113     133     133
     116      93     107     126      96      97     106     111     124     131
     106      98     126     106     105     115     136     129     128     114
     108     125     137     136     160     160     149     193     184     203
     202     246     243     261     272     301     316     317     372     436
     390     484     412     455     517     520     557     560     532     594
     683     643     641     702     723     715     688     769     749     701
     705     783     817     798     883     910     963    1120    1218    1348
    1550    1822    1978    2354    2985    3309    3931    4176    5245    5405
    5966    6845    7175    7883    8438    8658    9237    9434    9478    9509
    9917    9712    9273    8860    8663    8390    7618    7211    6605    6085
    5362    5095    4573    4035    3404    3038    2826    2418    2113    1766
    1684    1461    1285    1060    1038     982     857     766     797     722
     646     645     618     651     538     518     576     577     509     535
     493     507     485     481     485     396     442     390     357     332
     330     311     280     241     264     228     235     167     169     158
     159     171     136     123     135     142     128     144     131     134
     125     110     130     134     124     100     123     136     109     113
     121     127     111      86      98     119     115     103      90      95
     106      96      98      81      85      82      90      73      89      79
      70      79      74      85      84      93      88      85      67      72
      73      67      86      72      94      81      95      76      70      78
      77      75      66      93      90      62      89      86     103      73
      90      94     100      79      64      90      87      74      81      94
      88      82      73      97      88      79      79      79      97      75
      95     101      91     101     116     116      99     114     107     125
     124     129     115     125     106     143     132     127     129     123
     118     131     137     140     118     116     109     113     138     109
     115     124     124     111     111     140     131     138     174     167
     173     195     240     270     304     370     418     441     499     530
     700     708     795     902     966    1034    1095    1140    1275    1289
    1343    1312    1466    1419    1394    1331    1400    1340    1268    1268
    1159    1134    1064     902     963     823     710     722     640     590
     515     452     426     410     375     361     338     333     338     347
     350     335     367     376     432     417     410     451     406     430
     474     470     516     455     460     469     510     491     436     447
     438     433     396     332     337     359     315     245     308     241
     229     223     214     170     160     127     149     131     103     124
     105      93      71     107      91     101      72      74      68      91
      70      86      72      84      89      87      94      94      87      67
      98      80      88      96     111     116     112     115      96      93
     118     115     112      85     116      93     105     105      96     100
     117     107     108      89      93      94      99      81      78      89
      72      78      81      67      61      78      76      77      62      59
      59      51      66      62      53      62      59      61      51      58
      55      57      47      44      53      67      54      70      55      61
      59      57      62      60      52      51      42      60      60      52
      61      53      62      59      52      55      61      56      52      71
      58      57      56      67      62      53      56      67      71      51
      45      56      48      48      43      54      51      59      62      57
      61      63      54      52      66      45      67      56      58      61
      58      55      55      61      45      60      63      49      42      54
      76      42      51      55      59      45      60      45      62      59
      50      47      50      60      51      68      57      56      48      67
      45      51      51      42      51      63      50      52      60      62
      49      39      61      63      52      52      54      59      48      53
      44      61      45      52      57      52      51      53      66      50
      53      51      52      50      53      49      40      52      52      62
      54      58      69      45      44      60      56      37      53      68
      59      55      54      58      64      45      52      50      47      63
      57      52      48      48      69      50      52      45      50      49
      56      52      62      69      53      44      50      55      50      58
      61      50      55      52      62      52      56      52      54      54
      50      49      56      51      53      45      52      47      48      54
      51      45      55      51      57      49      53      48      55      54
      57      44      51      62      57      55      50      62      53      53
      53      63      51      44      51      58      68      60      57      60
      52      45      76      66      73      66      57      70      54      53
      70      68      71      52      68      71      70      50      81      70
      62      78      76      94      73      63      73      74      72      78
      76      76      92      75      86      86      99      86     110     103
      90     122      99     100      98      87     117      95     138     116
     133     128     129     147     150     144     159     147     169     162
     176     170     199     178     192     214     205     206     221     229
     221     252     233     234     310     280     251     273     273     265
     254     257     303     321     284     288     274     280     255     234
     295     298     263     282     265     281     287     272     263     254
     240     251     241     243     184     233     237     202     184     205
     182     208     182     164     186     192     172     174     147     154
     155     150     155     137     126     118     118      99     100     106
     115     101      81      88      98      94      85      88      98      78
      97      93      80      77      86      81      79      98      75      79
      87      87      97     111     150     122     148     146     153     138
     137     179     193     189     250     226     246     233     257     258
     273     276     258     276     328     316     301     313     332     310
     333     287     353     318     291     252     287     257     238     221
     207     210     187     181     184     165     166     133     138     119
     104      97      97      78      96      54      60      63      62      52
      59      54      54      52      60      44      34   26377
