$Informacoes da Fluorescencia de Raios-X:
"Sample    : rbi_34687_16p",                                                              
"Operator  : ",                                                                           
"Comment  : micromater rbi 52.0ug/cm2",                                                   
"Group     : kerr2007ab13liv300al",                                                       
"Date       : 2013-03-06 19:40:59",                                                       
"",                                                                                       
"Mesurement Condition",                                                                   
"------------------------------------------------------------------------------------",   
"Instrument : 700HS2   Atmosphere : Vac.   Collimator : 10(mm)   Spin : No",              
"------------------------------------------------------------------------------------",   
"Analyte               TG kV   uA      FI Acq.(keV)  Anal.(keV)  Time(sec)     DT(%)",    
"------------------------------------------------------------------------------------",   
"Na                    Rh 50  334-Auto Al  0 - 20    0.8 - 1.2   Live -  179   21",       
"Channel_info_start",                                                                     
"Channel : Na",                                                                           
"Points : 2048
"Range : 0.000000 - 20.480000",                                                           
"Step : 0.010000",                                                                        
"Channel_info_end",                                                                       
$DATA:
       0    2047
       0       0       0       0       0       0       0       0       0    2048
       0       0       0       0       0       0       0       0       0       0
       0       0       0       0       0       0       0       0       0       0
       0       0       0       0       0       0       0       0       0       1
      14      49      50      49      49      50      49      45      40      44
      47      37      42      47      38      45      41      52      48      53
      48      46      51      56      41      51      47      58      45      40
      52      58      37      57      41      43      38      56      48      64
      46      37      38      46      38      41      43      56      35      35
      47      46      38      42      44      34      50      41      40      47
      32      41      35      37      35      26      44      42      29      31
      30      32      42      38      43      29      31      41      41      35
      44      46      42      43      33      37      35      38      31      34
      36      31      40      35      45      33      34      41      37      28
      26      36      37      43      40      34      50      52      32      46
      52      45      59      89      83      82      97      84      87      89
      84     114      91      90      87      99     100     104     110     136
     199     261     376     504     609     773     914    1063    1137    1196
    1175    1274    1139    1186    1029    1014     842     795     599     518
     482     394     298     285     219     199     153     112     124     117
      90      91     109      94      90     101     106     151     124     143
     175     140     128     141     127     107      93      81      80      94
      78      76      88      87      82     109      87     112     123     123
     122      99      93      91      76      73      60      57      57      50
      53      49      42      32      46      46      51      45      60      47
      54      67      56      63      76      97      85      81      93      87
      78      62      80      61      72      60      60      46      44      49
      59      47      45      47      43      44      45      38      51      42
      43      40      56      53      60      54      67      45      58      51
      36      46      40      48      58      44      46      47      41      54
      33      45      35      45      48      47      42      37      45      49
      30      49      44      60      49      47      53      43      53      44
      58      61      50      34      52      63      52      52      57      59
      57      56      64      70      52      63      58      64      66      91
      90      69      87      74      67      90     106     103     132     159
     192     231     208     269     273     362     311     405     331     375
     375     354     316     331     363     301     299     371     395     505
     541     712     836     970    1048    1211    1208    1416    1404    1438
    1285    1308    1195    1105     862     842     792     695     681     791
     943    1146    1412    1959    2503    3160    3790    4759    5488    6298
    6787    7545    7507    7641    7329    6905    6395    5782    4817    4186
    3283    2687    2055    1628    1249     970     745     711     609     752
     806    1058    1337    1709    2022    2615    3080    3609    3891    4431
    4731    5085    4907    5049    4695    4732    4182    3979    3574    3210
    2811    2458    2144    1805    1521    1338    1177    1006     796     798
     762     745     770     767     890     998    1036    1146    1235    1268
    1103    1249    1144    1072     949     870     760     639     544     455
     394     313     255     267     223     216     220     249     264     262
     284     359     380     438     480     501     570     650     607     653
     663     613     571     501     461     433     350     350     260     274
     233     182     202     193     207     202     231     263     269     325
     410     380     383     403     417     409     358     368     349     358
     303     298     206     208     191     176     150     123     110     116
      82     108      90     115      89      70      82      65      53      62
      67      56      47      66      47      63      54      75      57      70
      66      59      64      92      56      76      50      51      56      59
      54      59      56      65      53      76      76      61      49      80
      54      60      78      56      57      77      65      62      64      70
      63      65      73      73      76      65      82      57      79      87
      66      85      76      74      65      74      78      75      85      72
      77      92      95      96      80      97      90      85      80      79
      73      95      88     120     100     116     103      89     111     112
      97      91     109     113     116     113     112     123     105     121
     119     148     131     121     113     162     139     128     146     146
     158     176     151     157     160     171     154     155     161     178
     179     143     182     152     177     142     170     204     177     157
     160     175     167     173     191     154     154     172     195     172
     178     175     164     146     170     169     157     173     154     160
     163     143     169     166     158     154     162     161     155     120
     151     146     145     134     145     161     139     154     148     161
     160     157     158     130     151     138     150     147     144     147
     135     127     131     147     137     138     127     153     144     134
     127     125     120     145     158     132     134     121     137     142
     132     139     129     138     124     130     105     125     127     121
     113     155     117     135     107     125     131     135     134     110
     135     130     113     131     116     136     145     125     130     135
     130     137     110     117     111     119     126     125     144     120
     142     125     117     151     137     124     119     128     144     127
     143     128     145     160     139     142     127     136     143     130
     145     137     138     153     159     145     126     128     138     155
     153     135     156     154     164     180     161     174     192     175
     154     198     183     201     180     205     193     168     162     172
     164     161     162     157     151     166     148     186     129     154
     139     154     145     150     129     144     157     139     117     144
     158     144     137     152     139     161     160     170     155     167
     153     177     152     170     193     186     168     167     183     169
     158     194     224     187     190     195     230     233     250     247
     248     209     216     258     223     221     219     184     201     223
     187     197     190     183     187     177     169     152     176     161
     147     175     162     163     180     154     167     170     161     159
     152     154     144     171     156     176     179     157     140     168
     134     135     175     143     141     170     153     153     168     170
     159     152     148     141     157     143     145     147     141     155
     151     162     136     146     138     158     141     150     124     164
     127     137     162     155     160     130     144     155     137     142
     157     128     134     142     131     144     125     147     156     150
     157     153     155     127     123     145     134     138     151     142
     168     161     160     184     137     161     147     161     141     136
     143     122     134     136     144     146     131     141     127     145
     125     123     147     120     114     134     117     121     124     115
     132     136     124     138     117     115     132     140     123     144
     117     151     123     134     139     127     134     146     135     143
     113     147     131     127     120     123     132     125     130     127
     140     100     120     114     124     141     125     122     140     157
     126     137     128     137     132     121     140     112     124     143
     156     152     135     135     135     142     123     141     147     122
     126     138     127     152     132     153     122     154     135     132
     138     125     135     155     124     152     128     148     131     153
     150     146     134     137     132     144     141     146     129     127
     152     175     144     138     147     136     131     156     129     158
     134     129     158     135     158     132     155     153     122     138
     127     135     150     156     155     134     134     155     147     144
     142     142     145     125     138     129     166     128     145     147
     131     150     130     116     135     142     134     131     129     134
     126     114     122     140     145     141     144     123     140     132
     125     138     125     150     124     129     136     145     145     143
     139     138     114     109     120     145     130     130     131     124
     125     130     139     120     144     136     122     143     143     123
     144     128     120     144     124     124     125     129     124     124
     137     130     140     139     120     119     134     127     112      95
     124     126     122     126     128     137     115     143     140     128
     123     129     114     134     127     131     116     141     113     125
     106     132     124     128     131     132     115     111     117     100
     126     138     124     138     119     128     113     108     140     126
     103     131     124     123     127     127     109     113     117     114
     148     117     112     126     124      93     101     110     154     138
     112     107     121     135     130     131     156     139     138     120
     129     146     135     145     140     139     123     135     144     168
     139     134     128     134     132     119     150     142     142     137
     157     122     125     135     150     144     158     163     152     164
     152     174     147     175     153     166     160     205     186     192
     199     232     245     254     279     364     451     459     643     820
     933    1118    1494    1811    2040    2518    3092    3698    4255    4980
    5723    6764    7396    8643    9682   10553   11440   12529   13515   14534
   14517   15331   16411   16418   16169   16547   16928   16316   15562   15160
   15066   13955   12824   12010   11298    9923    8879    8148    7085    6232
    5238    4692    3982    3321    2794    2217    1840    1572    1285    1014
     790     670     528     431     376     309     252     211     199     199
     180     176     144     151     132     157     142     127     128     154
     144     113     107     129     142     151     125     101     129     137
     138     123     124     131     138     111      99     114     151     110
     111     110     115     109     112     110     140     111     138     122
     115     142     124     126     115     108     139     142     122     121
     120     137     117      98     115     116     127     143     127     131
     122     106     111     114     107     136     124     109     125     120
      99     132     123     131     123     125     147     132     125     119
     148     154     137     119     137     148     128     136     148     151
     131     142     174     175     214     190     218     245     272     282
     352     407     478     533     626     661     844     955    1023    1287
    1292    1561    1581    1693    1906    2034    2138    2275    2357    2543
    2553    2605    2706    2668    2570    2617    2541    2530    2312    2282
    2280    2085    1993    1794    1754    1589    1324    1253    1283    1081
    1012     908     875     778     739     621     645     613     494     500
     461     409     391     371     365     318     299     252     271     230
     246     195     177     177     177     136     130     111     135     138
     117     111      97     105     108      85      84      84     112      90
      95     101      87     101      94      88      89     104      92      85
      79      98      77      76      89      93      94      78      94     106
      93      81      91      98      78      97      98      90      72      84
      83      81     108      76      80      94      92      84      95      83
      80      78      93      78      92      81      99      72      52      94
      88      82      81      89      93      69      83      84      91      81
      83      75      62      82      79      84      81      90      85      82
      73      85      99     107     104      81      84      77      83      83
      73      80      92      93      61      84      85      89      88     106
      90      94      75      70      95      74      78      90      85      99
      88      90      95      87      83      82     100      68      79      77
      84      73      77      89      88      65      64      69      73      73
      69      93      78      81      80      66      80      76      80      90
      94      75      72      67      76      77      76      91      84      67
      85      74      74      90      92      66     113      85      78      77
      79      89      69      96     100      73      77      81      99      85
      91      78      81      99      67     109      88      97      97      96
      88      83      74      85      83      98     103     115     116      94
      78      94      83      94      87      99      67      76     112     101
      88      96      85      85      91     108      88      84      84      97
      67      92     107      81      91      92      95      92      84      94
      97      75      99      93      79      74      82     109      92      93
      87      95      80      79      84      80      78      91      79      69
      96      94      93      89      98      90      78      78      85      69
      85      73      92     103      74      87      95      85      81      82
      79      89      87      76      74      95      75      80      75      81
      91      95      81      91      79     103      91     104      91      92
     108     110      88      84     104     101      98      84      99      88
      97      88     107      99      99      90      96      88      95     113
      98     106     105      97     109     120     101     123     121     107
     100     106     116     114     109     101     120     100     108     125
     129     112     112     138     138     150     140     143     154     163
     135     148     153     168     180     187     183     184     205     187
     224     221     244     227     222     256     255     276     282     285
     312     302     303     324     329     335     347     403     363     398
     427     443     430     424     459     437     451     478     505     435
     438     492     462     504     498     448     501     512     522     485
     525     529     500     521     484     468     481     444     514     469
     395     433     423     391     392     384     408     349     354     364
     331     301     314     278     296     301     274     276     282     254
     241     225     251     252     226     209     208     184     177     164
     155     169     158     170     166     125     135     137     151     124
     120     128     138     136     106     124     130     111     111     124
     130     136     148     127     157     137     147     176     156     164
     185     185     215     192     227     219     240     231     258     252
     268     321     285     295     337     329     305     333     347     318
     304     291     321     274     318     254     320     270     265     253
     254     205     227     206     192     201     166     168     154     160
     134     111     119      93     103     110      93      92      61      81
      80      66      84      84      60      66      81   65372
