$Informacoes da Fluorescencia de Raios-X:
"Sample    : rbi_34698_16p",                                                              
"Operator  : ",                                                                           
"Comment  : cubatao-g-policarbonato",                                                     
"Group     : kerr2007ab13liv300al",                                                       
"Date       : 2013-03-06 20:40:25",                                                       
"",                                                                                       
"Mesurement Condition",                                                                   
"------------------------------------------------------------------------------------",   
"Instrument : 700HS2   Atmosphere : Vac.   Collimator : 10(mm)   Spin : No",              
"------------------------------------------------------------------------------------",   
"Analyte               TG kV   uA      FI Acq.(keV)  Anal.(keV)  Time(sec)     DT(%)",    
"------------------------------------------------------------------------------------",   
"Na                    Rh 50  334-Auto Al  0 - 20    0.8 - 1.2   Live -  179   21",       
"Channel_info_start",                                                                     
"Channel : Na",                                                                           
"Points : 2048
"Range : 0.000000 - 20.480000",                                                           
"Step : 0.010000",                                                                        
"Channel_info_end",                                                                       
$DATA:
       0    2047
       0       0       0       0       0       0       0       0       0    2048
       0       0       0       0       0       0       0       0       0       0
       0       0       0       0       0       0       0       0       0       0
       0       0       0       0       0       0       0       0       1       1
      23      41      31      49      40      58      38      60      40      38
      42      41      60      46      46      47      52      43      54      40
      47      45      46      53      55      57      46      45      36      39
      40      50      42      55      41      39      54      43      49      42
      36      37      56      46      53      37      42      43      42      37
      38      39      34      29      42      51      45      32      43      37
      27      37      38      34      35      46      27      30      34      30
      35      39      32      29      35      35      33      33      33      31
      42      29      24      27      32      31      40      34      36      36
      34      36      39      39      20      39      25      33      33      31
      34      42      53      32      36      35      40      43      64      63
      47      47      62      43      73      90      90     115      83      84
      88      90      86      72      81      95      78     107     116     159
     198     280     371     505     584     740     907    1026    1117    1237
    1175    1150    1184    1077    1003     985     818     661     589     496
     422     426     310     274     228     150     156     139     100      86
     100     100      78      97      85     122     118     126     128     159
     170     168     129     140     126     126      77      80      85      94
      80      68      88     108     116     130     109     112      87      92
     126     102      91      81      68      75      50      55      45      52
      37      35      34      43      46      50      43      31      45      70
      45      62      54      62      67      75      84      80      80      85
      59      54      62      47      58      50      37      52      52      51
      45      45      49      36      43      41      52      43      47      58
      55      54      51      60      51      48      48      52      41      41
      57      60      45      52      34      49      54      45      50      53
      50      45      41      39      46      52      39      50      45      49
      48      52      34      42      47      51      41      42      48      57
      47      59      48      77      53      54      45      36      59      46
      45      48      57      64      47      65      55      68      59      64
      62      77      76      86      97      91      87     117     128     177
     152     182     251     275     301     334     345     348     350     373
     345     329     301     296     301     293     300     379     390     461
     560     643     782     940    1072    1230    1256    1352    1354    1325
    1342    1181    1122    1009     917     851     707     696     738     749
     903    1156    1462    1948    2361    3056    3699    4640    5262    6183
    6573    7345    7359    7391    7244    6782    6330    5628    4683    4256
    3246    2700    1979    1508    1181     899     714     719     632     644
     781    1070    1348    1618    2052    2569    2990    3547    3851    4271
    4517    4850    4788    5029    4653    4609    4156    3821    3578    3174
    2721    2484    2053    1891    1497    1354    1121    1012     832     837
     747     739     702     754     889     954    1035    1076    1175    1211
    1182    1194    1085     996     950     909     766     616     504     389
     354     331     252     223     214     243     205     197     215     237
     269     374     394     423     471     531     561     608     636     558
     651     566     599     529     480     405     355     330     264     257
     183     196     172     192     174     228     220     251     278     287
     335     344     403     427     419     417     354     362     351     344
     290     257     210     211     180     155     163     146     132     112
     107     119      81     100      82      87      65      78      55      76
      57      73      53      59      63      73      56      70      65      57
      65      55      65      63      62      45      75      71      63      64
      52      63      51      51      72      72      58      67      68      67
      74      53      72      55      69      60      67      77      88      83
      58      62      70      65      90      58      51      92      72      85
      66      75      72      59      72      75      82      78      77      78
      74      78      89      76      94      84      83      80      75      95
      82      73      88      85      93      95      95      98     120     112
     107      99     121     122     106      98     116     133     102      92
     118     124     126     118     107     118     130     132     133     146
     123     142     152     160     121     159     162     152     164     181
     163     155     167     146     162     151     178     160     162     143
     161     163     163     159     122     181     154     140     161     144
     165     165     158     147     162     145     165     177     145     162
     152     133     173     151     198     171     147     177     137     153
     160     182     172     113     155     153     135     159     172     140
     152     146     128     137     112     124     145     119     137     144
     108     127     156     134     144     128     133     155     126     136
     132     138     128     141     120     123     138     123     108     110
     112     129      99     124     142     129     108     119     107     129
     103     111     117     116     140     139     123     134     125     110
     129     106     116     106     145     124     141     128     136     113
     115     134     122     143     116     140     146     126     103     125
     141     139     139     123     116     122     120     138     134     124
     116     123     137     145     134     112     145     157     121     124
     120     119     136     150     127     142     113     132     140     146
     120     129     152     157     141     135     150     154     147     154
     178     159     188     169     175     172     177     188     180     164
     152     138     169     148     155     127     135     157     108     111
     154     140     158     153     152     136     145     162     165     140
     157     161     145     128     163     171     158     161     162     162
     133     128     157     173     154     174     188     181     186     188
     163     169     197     202     194     240     227     218     224     241
     245     222     225     217     256     258     224     196     182     224
     180     194     185     191     165     175     153     180     178     207
     153     156     146     169     187     169     161     163     160     179
     175     169     154     170     167     186     134     162     150     156
     122     145     141     145     145     155     151     141     147     167
     157     141     129     146     139     143     162     158     151     147
     151     134     138     163     153     115     123     147     137     160
     135     140     121     153     153     133     151     142     116     147
     143     148     151     118     127     140     123     137     130     163
     133     146     130     124     145     151     123     155     132     151
     146     132     151     133     144     141     146     158     140     111
     142     133     127     124     134     147     161     146     134     110
     122     123     140     157     124     138     125     133     137     133
     152     136     146     128     126     151     151     142     167     153
     160     121     122     126     107     117     110     115     133     126
     110     140     162     136     140     119     142     108     142     117
     123     116     116     102     132     104     111     123     141     132
     117     163     140     145     138     126     132     116     126     130
     101     163     123     115     136     147     130     127     160     135
     128     142     119     138     156     128     133     125     140     142
     139     160     130     151     132     135     161     134     144     133
     122     134     130     141     144     146     147     140     143     150
     148     153     140     123     150     144     135     163     147     140
     140     145     152     156     136     151     145     135     135     128
     146     130     151     121     144     144     133     165     123     124
     123     148     121     136     127     129     130     129     137     138
     137     138     138     123     133     135     133     132     143     162
     126     133     148     122     135     126     140     135     136     129
     140     121     129     132     120     134     126     121     147     130
     138     148     135     123     124     142     130     139     140     132
     139     130     134     150     138     133     124     138     135     118
     112     107     117     119     113     133     130     113     126     122
     128     130     111     130     118     115     128     118     129     137
     142     130     129     120     118     112     138     105     128     132
     119     105     130     129     126     134     122     115     107     146
     107     150     102     111     115     122     124     117     110     120
     128     152     111     112     115     142     111     100     117     141
     107     121     134     134     137     136     100     155     107     108
     132     106     110     129     143     132     120     156     111     120
     136     130     120     145     141     141     137     132     126     137
     137     129     143     121     132     151     134     143     129     143
     125     124     138     160     133     152     125     133     150     142
     144     132     137     129     156     150     147     128     136     157
     164     176     165     156     141     161     141     178     167     198
     200     230     245     301     298     375     419     468     555     746
     852    1076    1385    1769    1996    2384    3004    3486    4108    4841
    5555    6552    7182    8181    9543   10290   11386   12223   12989   13894
   14351   15280   15928   16586   16104   16335   16676   16329   15546   14825
   14653   13752   12715   12117   11248   10199    8811    7929    7331    6338
    5384    4600    3941    3369    2629    2287    1959    1510    1209    1007
     798     698     514     429     373     277     273     196     207     221
     169     154     187     173     127     147     141     118     138     120
     142     113     136     143     137     127     110     126     143     124
     111     142     113     127     101     151     135     120     106     111
     141     138      87     118     116     126     115     126     109     106
     144     104     103     109     112     121     126     127     123     116
     124     115     136     116     107     120     109     133     125     136
     120     141     122     107     107     128     121     111     117     135
     127     125     106     141     128     116     104     119     141     129
     130     123     129     132     125     112     142     158     143     125
     145     165     164     151     194     214     208     229     286     331
     333     381     519     496     584     676     829     948     999    1185
    1265    1422    1520    1740    1848    2040    2049    2271    2336    2370
    2408    2568    2672    2657    2592    2532    2528    2445    2319    2257
    2150    2030    1870    1802    1762    1604    1436    1278    1148    1057
     993     920     841     817     692     642     612     565     511     441
     454     397     390     370     295     291     279     254     246     239
     214     202     183     188     167     151     155     137     120     116
     110      99     101     101     102     103      89      91      88      94
      98      97     107      90      75      85      82     102      93      83
      85      89      83      93      68     101      68      82      84      67
      85      84      97      93     108      92      83      88      68      72
     101      82      94      99      89      82      97      74      90      75
      73      75      89      86      84      68      89      93      91      81
      91     101      77      73      91      87      89      84      89      73
      74      82      86      78      75      78      75      85     105      92
      77      71      77      68      84      89      70      87      83      70
      63      86      94      85      72      77      88      78      74      77
      98      91      89      76      85      78      75      85     103      93
      80      84      83      87      81      72      87      82      60      64
      88      71      71      73      75      82      72      80      82      82
     100      83      83      78      81      89      72      63      76      81
      70      81      93      85      74      70      78      86      71      72
      71      82      99      80      89      81      60      98      84      82
      83      82      71      82      74      71      81      78      80      78
      82      89      88      76      92      78      85      83      70      95
      89     100      72      85      82      89      76      86     104      87
      80      87      88      76     102      90     106      85      77      93
     106      88      83      84      82      70     106      82      67      90
      82      73      92      71      84      85      85      89      97      82
      90      84      95      74      76      86      78      78      94      78
      97      86      89      91      95      80      90      89      98      82
      89      81      83      82      77      78      70      80      74      86
      88      80     103      80      72      85      77      93      82      90
      91      78      87      83      73      88      74      88      99      89
      89      86      85      94      89      85      85     101      81      87
      83      85      71      82      88     106      97      86      88      97
      70      91      88     104      90      98     105      83     101     108
      88      92     105      95      95      85      99     104      89     104
     117      97     107     102     122     125     116     122     117     129
     137     111     125     140     123     147     138     120     181     172
     162     158     155     142     182     194     197     189     197     217
     228     227     212     246     231     231     257     291     327     249
     280     279     371     360     338     353     361     395     363     381
     388     398     386     409     409     447     470     441     442     486
     422     483     546     538     529     436     527     499     514     488
     517     528     486     462     458     494     436     464     453     465
     465     423     464     404     426     386     396     347     403     337
     360     303     293     305     284     309     256     262     246     235
     216     197     229     214     208     214     198     176     179     173
     182     147     156     118     162     137     113     121     121     119
     134     135     135     128     136     120     101     124     109     111
     137     124     136     130     177     141     151     146     176     199
     152     160     208     203     209     232     252     262     248     237
     298     277     257     302     287     310     338     331     297     301
     321     313     318     296     302     260     300     256     242     258
     263     247     228     191     188     188     152     145     158     137
     135     115     109     112      88      85      81      93      91      63
      66      69      64      64      71      72      58   64572
