$Informacoes da Fluorescencia de Raios-X:
"Sample    : sb_15767",                                                                   
"Operator  : ",                                                                           
"Comment  : micromatter sb 46.4ug/cm2",                                                   
"Group     : kerr2007ab13liv300al",                                                       
"Date       : 2013-03-07 15:02:26",                                                       
"",                                                                                       
"Mesurement Condition",                                                                   
"------------------------------------------------------------------------------------",   
"Instrument : 700HS2   Atmosphere : Vac.   Collimator : 10(mm)   Spin : No",              
"------------------------------------------------------------------------------------",   
"Analyte               TG kV   uA      FI Acq.(keV)  Anal.(keV)  Time(sec)     DT(%)",    
"------------------------------------------------------------------------------------",   
"Na                    Rh 50  496-Auto Al  0 - 20    0.8 - 1.2   Live -  180   20",       
"Channel_info_start",                                                                     
"Channel : Na",                                                                           
"Points : 2048
"Range : 0.000000 - 20.480000",                                                           
"Step : 0.010000",                                                                        
"Channel_info_end",                                                                       
$DATA:
       0    2047
       0       0       0       0       0       0       0       0       0    2048
       0       0       0       0       0       0       0       0       0       0
       0       0       0       0       0       0       0       0       0       0
       0       0       0       0       0       0       0       1       2       3
      35      64      65      60      63      72      75      50      75      65
      64      53      59      63      50      62      58      55      61      56
      66      61      68      53      54      56      60      62      48      64
      59      61      60      71      59      56      46      53      55      54
      55      62      45      58      60      59      73      70      58      56
      56      79      51      62      66      64      68      56      62      66
      66      55      64      62      74      55      66      47      61      50
      49      56      75      59      56      57      44      55      48      77
      59      66      59      59      48      65      62      71      69      51
      68      57      72      68      66      50      65      88      53      64
      61      65      59      65      70      60      75      73      84      77
      74      64      68      64      80      79      62      75     100      68
      72     102      66      76      89      79      65      53      83      59
      72      72      87      92      61      77      76      89      93      93
      71      90     103     104      99     119     120     150     154     150
     209     221     234     279     266     268     286     221     248     230
     194     198     167     169     145     160     147     166     161     188
     190     193     198     195     183     197     176     215     175     206
     186     190     190     204     178     158     152     145     121     126
     106     113      98      90      95      92     101     101      74      89
      81      99      91     100      72      94      92      86      91      86
      66      92      77      72      73      70      75      93      77      83
      71      64      85      77      64      85      83      83      78      84
      74      83      98      79     101      88      83      78      79      84
      74      75      89      92      90      85      83      71      95      96
      95      89     108     110      87      86     117     107     100     109
     115     104     102     134     130     135     145     122     132     126
     140     147     137     128     153     190     206     196     233     301
     404     445     545     569     695     770     824     844     794     838
     808     750     653     590     565     527     458     410     360     340
     291     312     355     331     308     335     420     421     462     504
     566     639     686     797     913    1084    1347    1768    2427    3235
    4042    5644    7247    9146   10613   12848   14508   16310   16843   17955
   17684   17526   16089   14789   13055   11349    9574    8112    6429    5255
    4216    3588    3384    3365    3529    4062    4716    5762    6644    7500
    8822    9735   10307   11319   11292   11404   10818   10585   10175    9393
    8223    7572    6588    6058    4872    4457    3779    3281    2779    2573
    2191    2125    2022    2109    2177    2256    2292    2466    2425    2421
    2383    2320    2195    1989    1687    1482    1373    1083     935     747
     661     566     516     501     547     646     622     782     885     928
    1043    1166    1230    1261    1257    1256    1192    1113     976     881
     798     669     580     499     411     368     379     384     405     462
     460     541     605     701     698     827     870     955     956     892
     908     825     744     722     597     492     463     423     332     318
     246     204     182     192     154     126     121     109      98      85
      76      86      81      94     100      77      79      81      63      77
      70      78      87      69      79      77      96      81      94      83
     105      87      75      87      87      91      94      93     102      92
     111     107     101     100      92     124     107     104     102     113
     118     136     114     115     129     101     118     117     104     119
     125     116     125     114     104      95     110     130     107     104
     106     113     118     107     107     113      81     111     125     107
      86      93      92     107     111      87     109      90      99     101
     119      79      91     102     104     111     105     134     130     108
     108     131     136     139     119     123     124     139     146     140
     132     167     147     161     160     161     155     194     153     182
     186     197     175     166     181     173     190     185     191     223
     191     183     204     215     213     214     191     200     221     219
     212     227     234     201     196     215     204     189     203     223
     166     200     194     224     200     198     212     197     181     180
     245     211     209     223     226     229     223     222     205     223
     219     209     205     191     165     167     173     176     179     171
     162     132     179     171     162     186     168     159     130     166
     147     171     169     158     163     171     155     164     190     176
     168     182     176     179     174     158     186     199     177     176
     211     195     165     189     214     186     209     188     179     191
     194     204     193     207     211     207     204     206     178     213
     196     203     193     216     209     207     214     191     228     243
     213     235     229     213     203     211     213     211     237     201
     239     203     214     230     215     250     219     200     231     233
     208     254     225     230     191     222     245     252     230     267
     245     244     256     215     238     265     246     223     248     234
     203     226     245     239     230     238     223     243     248     248
     254     246     249     233     266     273     276     244     282     265
     259     265     256     259     278     289     264     257     263     261
     275     264     257     291     258     286     266     253     270     258
     263     260     297     300     279     293     286     333     298     309
     291     326     267     301     290     263     266     299     270     230
     250     239     248     212     214     216     209     208     191     207
     219     194     238     224     213     210     174     199     239     207
     211     175     205     197     184     210     210     207     221     207
     191     210     210     224     236     207     223     206     235     237
     279     253     254     265     275     272     317     283     282     309
     291     316     309     316     298     282     299     306     315     243
     255     220     250     251     218     210     224     257     235     221
     214     221     209     206     237     210     220     230     240     236
     235     228     215     213     225     244     230     263     231     206
     251     218     235     234     252     233     288     225     266     236
     243     245     250     258     219     257     236     254     244     245
     246     242     216     236     222     239     258     254     248     246
     219     239     275     250     258     256     249     235     249     240
     248     222     250     194     252     237     233     234     249     230
     223     237     240     211     230     197     213     204     220     237
     221     214     199     168     208     223     220     197     216     208
     215     210     201     181     195     201     198     199     190     239
     198     197     185     200     196     183     204     206     188     193
     206     167     211     207     199     186     197     227     213     210
     213     213     205     180     236     210     186     188     231     236
     193     242     213     196     205     178     231     214     210     211
     231     238     216     197     196     219     203     204     197     204
     200     206     209     193     203     182     200     209     208     210
     199     195     189     234     200     246     224     210     220     227
     192     173     215     246     228     226     209     230     215     223
     218     219     227     222     235     207     211     216     212     199
     229     204     229     209     231     193     239     212     212     213
     229     200     189     195     213     221     195     201     235     229
     211     211     235     228     200     198     208     209     221     191
     182     238     208     227     210     180     185     201     210     169
     218     237     230     214     197     192     191     235     203     185
     227     195     200     196     169     204     206     203     203     197
     178     208     208     200     226     204     184     190     188     212
     194     231     184     195     196     192     163     188     185     170
     182     211     183     180     199     168     218     178     191     199
     201     200     178     197     210     197     208     192     179     195
     193     186     184     199     192     199     201     189     183     208
     199     193     192     219     213     197     175     193     198     200
     204     196     181     223     195     182     216     195     178     194
     207     175     186     200     192     208     163     208     183     184
     184     198     191     150     181     186     198     199     175     178
     195     193     197     186     171     176     179     182     180     205
     161     198     170     184     171     179     196     204     174     171
     192     161     165     200     184     197     178     156     177     194
     180     148     179     170     168     171     178     169     159     188
     177     173     165     163     170     164     165     180     192     175
     182     213     188     193     194     150     171     171     196     169
     189     200     193     168     165     180     168     168     179     170
     138     152     190     197     170     160     176     184     154     140
     134     158     158     176     171     175     170     183     167     192
     158     183     183     130     170     170     150     170     170     181
     186     173     158     184     196     178     181     186     178     178
     183     178     165     155     160     170     182     192     191     178
     170     194     186     186     196     176     162     160     168     162
     173     152     188     176     180     177     197     178     180     165
     179     165     170     166     171     147     156     180     161     176
     182     163     182     169     166     150     190     159     154     153
     143     158     147     181     176     158     136     165     152     166
     166     182     171     154     188     145     171     166     155     160
     161     174     162     132     159     150     167     163     179     153
     159     159     171     167     194     161     178     141     151     143
     145     152     154     158     147     169     152     145     169     163
     145     170     162     166     171     143     128     160     151     147
     159     155     140     146     136     148     159     164     159     186
     153     147     133     143     145     135     164     140     146     141
     160     177     129     137     167     168     164     167     165     155
     155     171     156     170     155     141     151     178     151     137
     171     171     175     144     153     124     167     158     150     167
     181     144     150     171     163     139     150     134     138     168
     170     146     137     140     149     151     153     101     161     128
     141     156     145     140     124     160     133     129     137     136
     135     167     120     152     129     140     152     141     159     161
     136     144     126     124     139     123     155     122     133     152
     146     165     143     126     186     125     161     135     150     130
     156     137     154     149     133     153     122     159     134     149
     118     170     139     149     149     147     162     132     159     156
     140     149     133     154     133     145     123     148     146     126
     150     144     121     130     159     143     126     162     151     125
     137     145     144     149     116     131     140     130     132     115
     159     134     129     129     141     125     129     143     151     139
     120     154     136     145     129     147     143     138     106     115
     134     139     139     120     132     146     135     122     115     118
     136     138     125     102     150     125     144     109     131     132
     135     124     125     116     126     161     116     137     108     140
     129     133     130     120     128     151     126     141     107     133
     108     153     137     125     134     129     119     118     145     114
     119     110     116     123     121     131     145     123     125     133
     123     131     134     118     116     116     123     108     130     122
     128     115     139     122     115     126     136     121     130     119
     148     150     116     161     121     129     120     126     141     137
     115     143     119     133     147     113     123     124     103     123
     123     129     121     113     123     117     106     108     146     120
     126     106     152     144     116     111     124     132     117     125
     124     128     118     123     130     124     132     138     128     122
     121     132     121     145     123     117      94     130     116     113
     146     131     128      95     124     118     120     117     106     130
     120     115     126     126     106     117     114     132     108     125
     124     121     120     134     122     110     125     131     135     121
     144     130     137     118     160     122     143     134     129     137
     129     109     153     122     117     125     116     130     147     122
     132     126     123     111     140     137     146     138     119     128
     156     130     139     129     145     148     122     148     151     132
     126     141     159     134     164     154     144     147     163     136
     174     164     148     173     139     152     148     153     180     156
     171     138     189     171     169     186     204     176     174     175
     212     205     178     201     239     201     227     231     219     234
     228     261     243     265     258     273     300     269     281     304
     324     344     335     310     414     395     398     438     478     415
     452     489     530     520     527     523     553     607     570     614
     639     627     608     642     676     692     690     729     713     730
     691     736     776     781     764     788     719     859     736     712
     859     767     764     713     719     705     663     730     667     691
     655     667     700     632     565     596     577     566     534     556
     545     479     504     444     430     479     400     365     402     381
     395     334     373     293     320     305     316     303     253     283
     284     236     265     238     287     240     221     193     226     186
     195     194     189     165     189     159     195     196     189     183
     181     220     208     218     243     267     263     244     295     288
     260     304     338     345     346     358     425     393     438     434
     445     447     444     454     488     480     538     495     541     513
     464     448     438     477     455     411     479     444     402     380
     340     338     328     302     297     280     267     210     234     214
     182     189     186     151     150     110     150     145     132     134
     116     133     135     117     129     110     101  165832
