$Informacoes da Fluorescencia de Raios-X:
"Sample    : scf3_34670_16p",                                                             
"Operator  : ",                                                                           
"Comment  : micromater scf3 52.7ug/cm2",                                                  
"Group     : kerr2007ab13liv300al",                                                       
"Date       : 2013-03-06 17:44:04",                                                       
"",                                                                                       
"Mesurement Condition",                                                                   
"------------------------------------------------------------------------------------",   
"Instrument : 700HS2   Atmosphere : Vac.   Collimator : 10(mm)   Spin : No",              
"------------------------------------------------------------------------------------",   
"Analyte               TG kV   uA      FI Acq.(keV)  Anal.(keV)  Time(sec)     DT(%)",    
"------------------------------------------------------------------------------------",   
"Na                    Rh 50  712-Auto Al  0 - 20    0.8 - 1.2   Live -  180   21",       
"Channel_info_start",                                                                     
"Channel : Na",                                                                           
"Points : 2048
"Range : 0.000000 - 20.480000",                                                           
"Step : 0.010000",                                                                        
"Channel_info_end",                                                                       
$DATA:
       0    2047
       0       0       0       0       0       0       0       0       0    2048
       0       0       0       0       0       0       0       0       0       0
       0       0       0       0       0       0       0       0       0       0
       0       0       0       0       0       0       0       0       0       2
      23      39      35      35      34      32      34      40      34      35
      33      48      38      45      42      41      34      30      45      36
      60      39      40      42      35      39      30      34      41      40
      46      49      45      46      39      41      42      35      41      61
      41      33      53      39      32      39      41      33      33      39
      27      48      34      36      35      28      34      33      31      39
      30      56      36      36      38      49      43      41      46      29
      43      38      41      33      34      34      28      39      49      49
      50      42      44      35      36      40      35      36      42      35
      32      41      23      40      39      43      40      58      34      39
      42      36      44      33      33      48      41      36      36      53
      44      41      42      44      54      59      41      34      49      57
      46      51      57      34      39      35      38      46      50      47
      20      56      43      46      46      47      62      58      71      71
      72      76      68      72      66      57      72      80      72      58
      60      69      58      51      60      58      65      61      73     100
      88     136     123     135     153     188     187     235     227     232
     226     244     229     253     191     180     150     138     110     106
      78      71      63      59      55      72      70      72      56      71
      90      86      90     104     126     135     173     199     259     260
     309     330     323     352     337     322     313     295     223     217
     184     152     118     103      94      64      74      56      60      57
      57      34      50      38      45      43      51      43      68      53
      58      56      58      73      74      92      79      89      86     116
      90     102      92      76      78      72      76      83      62      80
      71      64      69      69      65      76      70      62      63      60
      45      50      54      49      63      51      60      59      50      48
      55      65      69      73      47      56      55      55      58      68
      87      64      76      77      85      64      75      83     102      96
      90      86      65     101     115     115     121     140     136     161
     138     168     147     152     149     166     148     154     164     161
     154     158     160     162     184     191     185     177     207     185
     212     247     296     300     371     398     512     672     808    1042
    1229    1472    1777    1957    2293    2600    2687    2904    2908    2861
    2607    2534    2266    1967    1715    1412    1255     984     837     684
     571     513     394     422     438     418     421     490     526     651
     718     989    1332    1788    2517    3416    4664    6420    8540   11923
   14231   17993   21018   24723   28338   31190   32866   34963   34739   34343
   31781   29375   26812   23574   19266   16245   12899    9990    7143    5504
    3801    2690    1804    1275     795     573     503     393     401     390
     507     583     705     912    1080    1394    1741    2112    2450    2890
    3327    3837    3905    4360    4570    4576    4391    4417    4096    3761
    3316    2781    2495    1978    1579    1298    1070     791     602     443
     361     262     228     197     160     171     139     129     113     160
     126     117     113     117     124     115     126     105     116     113
     136     130      96      90     103     107      92      85     111     115
     111      86     101      99     106      96      93     108     118      89
      91      98      88      96     107     110      91      77     109      92
     100     109      92      88     117      94      85     115     116     109
     106     100     110      95      98      86      92     115     109     103
      96     103     115     121     116     118     106     114     129     143
     132     133     118     123     118     148     109     108     118     111
     122     137     141     126     121     146     146     125     131     138
     136     158     128     133     131     137     138     131     150     131
     118     135     148     154     141     141     158     146     139     147
     148     181     141     146     166     155     169     139     184     171
     156     166     167     149     161     170     167     176     153     189
     165     195     170     164     151     152     198     166     195     182
     162     178     196     205     159     170     192     203     197     167
     196     173     203     211     176     200     206     209     189     210
     193     199     219     190     240     247     238     229     217     233
     229     210     223     221     214     217     199     210     195     195
     191     206     225     195     218     191     206     239     188     196
     209     205     215     208     236     239     215     215     238     195
     229     204     244     235     218     230     252     258     202     235
     245     236     211     215     245     203     230     226     233     232
     235     237     271     274     209     254     272     239     255     230
     253     252     222     223     267     247     238     214     238     233
     238     240     245     232     197     215     218     235     240     240
     227     211     224     211     200     214     229     215     213     235
     174     215     214     225     224     232     213     219     207     221
     228     213     208     239     218     195     228     215     241     227
     245     236     234     238     226     205     222     240     208     207
     242     240     219     215     233     222     219     223     268     212
     210     243     260     232     247     250     235     235     258     233
     280     279     269     293     252     270     265     253     255     249
     278     302     274     295     272     271     289     298     332     297
     356     345     322     367     367     355     370     386     368     373
     347     362     371     378     378     383     368     389     358     370
     342     334     325     296     296     326     295     268     277     268
     269     269     259     267     242     247     237     252     217     259
     230     265     253     271     281     252     285     273     284     295
     298     273     353     322     330     374     328     344     381     393
     357     396     374     371     389     370     361     355     338     345
     341     337     283     316     293     248     288     295     252     264
     264     268     272     254     247     267     263     245     240     251
     225     234     223     254     254     234     281     259     256     225
     247     266     271     234     213     224     224     241     256     239
     268     238     249     266     258     288     269     260     244     220
     254     238     272     273     267     290     245     284     277     257
     296     250     269     299     254     307     264     281     269     214
     272     267     249     281     295     249     266     278     239     257
     257     293     302     250     260     263     286     253     270     271
     251     268     269     234     289     252     257     268     237     238
     256     240     243     238     242     255     222     250     220     237
     245     220     241     227     247     255     255     203     248     227
     226     228     255     218     238     189     221     237     219     213
     215     243     241     233     230     252     215     213     245     249
     251     257     227     228     223     228     197     242     251     242
     247     242     191     249     249     222     215     214     219     215
     213     227     237     262     232     251     230     234     237     243
     196     213     252     222     213     224     228     233     243     232
     240     223     218     267     215     233     232     247     253     213
     229     230     212     243     212     254     229     223     223     222
     271     235     221     214     217     212     226     222     258     240
     253     239     215     224     224     220     211     221     232     250
     215     202     253     240     228     227     235     251     205     250
     260     242     238     262     214     215     195     210     236     215
     199     233     241     248     233     235     244     217     228     214
     242     237     241     222     236     219     234     212     229     211
     212     197     221     240     223     219     214     235     227     202
     218     207     210     222     223     251     228     225     230     235
     234     259     226     250     215     243     196     220     213     233
     229     229     225     219     209     205     198     235     224     215
     233     245     196     241     221     212     215     222     218     184
     209     222     204     217     237     239     232     198     229     217
     230     254     213     225     219     215     207     244     210     211
     198     217     195     224     202     226     215     213     228     218
     234     206     224     243     230     220     223     215     225     233
     221     215     202     204     218     205     198     207     223     247
     210     223     227     248     212     181     213     217     205     184
     212     222     218     197     209     254     184     197     209     228
     213     198     240     225     195     211     234     209     202     212
     184     211     219     210     234     210     188     218     224     198
     208     211     176     218     211     210     210     203     213     230
     204     196     197     207     209     194     222     222     204     215
     170     199     199     197     205     227     190     193     230     195
     192     214     181     219     200     197     193     217     219     198
     191     199     189     197     211     173     209     181     193     191
     198     209     197     187     206     178     205     175     211     222
     228     212     183     197     190     184     178     219     198     205
     213     198     191     222     215     219     190     188     225     183
     188     213     196     203     202     178     212     175     193     207
     205     202     194     188     205     174     200     220     213     193
     198     204     195     181     222     160     192     185     191     195
     188     220     197     185     211     205     181     179     185     202
     195     176     182     187     193     192     178     206     169     168
     190     208     170     190     196     194     180     199     193     212
     184     200     225     179     165     193     205     155     167     171
     176     196     161     185     180     147     178     176     212     199
     195     178     193     168     167     185     179     189     164     181
     195     166     183     204     171     197     171     194     177     170
     177     187     168     181     185     191     170     195     187     175
     184     195     199     164     181     170     173     181     179     175
     194     177     192     165     176     183     178     143     193     177
     199     176     192     175     161     183     192     162     182     191
     161     183     161     203     170     177     180     159     204     152
     178     167     150     170     177     180     190     151     182     171
     165     187     173     166     182     161     198     164     181     174
     170     158     159     171     213     183     180     131     176     178
     177     173     190     175     183     146     207     168     153     158
     167     159     171     177     169     164     159     170     189     153
     169     169     165     176     159     199     178     148     162     202
     173     154     174     171     150     159     185     170     164     167
     168     167     179     158     171     144     156     190     171     145
     177     165     165     164     167     171     159     171     167     165
     154     168     151     140     130     141     161     179     162     138
     174     164     156     169     169     143     178     156     150     139
     159     155     161     158     176     177     146     154     160     150
     150     147     168     152     147     155     167     164     184     171
     160     135     162     175     163     146     147     164     135     152
     170     162     147     132     166     153     154     176     170     171
     138     164     144     149     148     167     166     135     152     124
     162     159     144     156     166     158     143     140     154     153
     155     146     136     156     141     154     192     149     135     162
     154     161     133     154     133     174     164     151     155     153
     148     165     166     128     148     152     148     156     132     171
     154     166     150     158     144     185     137     138     146     135
     152     144     170     143     150     145     156     143     136     141
     144     121     152     155     143     126     181     137     164     151
     149     124     136     159     134     151     146     149     129     161
     152     163     145     145     162     147     151     154     136     151
     135     163     155     140     171     152     162     166     125     130
     173     152     136     154     145     145     148     156     159     140
     141     182     161     159     153     155     146     162     133     163
     166     162     152     160     178     139     152     162     151     140
     149     152     178     160     178     163     153     147     149     165
     162     152     135     149     169     145     144     159     169     170
     176     144     170     171     154     177     183     160     175     171
     199     178     168     173     198     191     174     175     179     154
     192     177     189     181     193     183     189     187     209     199
     208     208     207     173     217     203     217     195     229     210
     220     209     220     217     236     263     219     222     232     241
     280     260     260     241     294     298     273     292     297     300
     313     332     348     352     323     414     361     417     429     436
     465     475     462     474     548     487     554     554     641     595
     612     622     654     750     692     743     787     819     793     786
     852     821     865     884    1053     961     963    1015    1062    1033
    1031    1034    1061    1054    1059    1042    1109    1063    1083    1050
    1200    1154    1039    1013    1133    1046     981     940    1008    1011
     925     939     971     874     865     865     812     817     789     756
     791     689     675     646     631     648     591     605     569     548
     518     477     567     433     405     430     453     376     409     357
     378     324     335     335     313     318     252     278     256     286
     254     251     253     242     197     213     220     248     230     210
     245     239     228     241     263     252     259     259     287     283
     280     312     327     348     323     371     403     347     413     398
     446     428     403     420     468     418     458     463     479     463
     385     435     396     419     409     398     402     364     407     342
     342     322     262     292     282     271     237     236     215     176
     196     177     182     175     144     120     165     134     156     122
     133     153     133     128     136     123     138   74032
