$Informacoes da Fluorescencia de Raios-X:
"Sample    : scf3_15754p16lamfi",                                                         
"Operator  : ",                                                                           
"Comment  : micromatter_scf3 46.8 ug/cm2",                                                
"Group     : kerr2007ab13liv300al",                                                       
"Date       : 2013-03-07 12:10:16",                                                       
"",                                                                                       
"Mesurement Condition",                                                                   
"------------------------------------------------------------------------------------",   
"Instrument : 700HS2   Atmosphere : Vac.   Collimator : 10(mm)   Spin : No",              
"------------------------------------------------------------------------------------",   
"Analyte               TG kV   uA      FI Acq.(keV)  Anal.(keV)  Time(sec)     DT(%)",    
"------------------------------------------------------------------------------------",   
"Na                    Rh 50  767-Auto Al  0 - 20    0.8 - 1.2   Live -  179   21",       
"Channel_info_start",                                                                     
"Channel : Na",                                                                           
"Points : 2048
"Range : 0.000000 - 20.480000",                                                           
"Step : 0.010000",                                                                        
"Channel_info_end",                                                                       
$DATA:
       0    2047
       0       0       0       0       0       0       0       0       0    2048
       0       0       0       0       0       0       0       0       0       0
       0       0       0       0       0       0       0       0       0       0
       0       0       0       0       0       0       0       0       0       4
      29      49      43      47      50      50      39      33      32      45
      45      32      41      44      31      33      30      41      37      42
      38      37      43      47      42      32      29      53      27      60
      48      42      32      55      34      49      39      33      49      49
      37      48      28      60      53      42      38      42      38      42
      32      40      31      32      54      39      41      38      32      33
      35      33      41      50      39      41      35      43      24      43
      45      43      44      39      43      35      41      49      30      50
      35      45      33      44      38      35      45      49      45      57
      32      29      49      39      41      40      42      37      44      43
      24      44      56      30      43      34      42      50      54      38
      34      44      50      60      49      55      55      53      38      45
      53      39      50      59      49      45      67      45      45      29
      43      43      50      46      40      44      74      50      64      72
      78      82      83      80      78      69      64      73      62      72
      59      67      54      64      61      52      64      74      76      90
      77      86     114     111      98     141     149     163     190     169
     177     202     148     164     148     129     114      99      99      78
      75      69      74      57      59      54      67      56      61      76
      59      74      78     104     100     156     165     184     244     257
     322     315     341     341     335     316     316     277     225     183
     160     119     110      77      80      56      76      50      49      43
      45      41      52      40      60      60      44      63      54      56
      67      58      57      74      78      82      83     100      86      98
      93     115      72      72     101      89      76      64      63      67
      75      69      56      59      67      57      66      82      68      61
      70      55      61      53      43      64      48      58      59      55
      60      53      61      72      59      46      60      60      63      56
      68      73      70      70      68      64      75     107      75     103
      86     100      97     118     121     148     139     141     168     175
     172     156     168     164     158     168     149     144     146     149
     142     164     153     146     127     162     151     170     197     185
     214     229     283     317     314     374     398     563     662     767
     836    1081    1251    1482    1534    1681    1799    1900    1888    1850
    1754    1676    1559    1405    1211     935     846     776     590     501
     495     432     413     393     401     429     432     453     485     546
     728     942    1165    1678    2268    3307    4717    6226    8009   11296
   13772   17592   20443   24261   27156   29926   31725   33379   33127   32840
   30130   28006   25773   22301   18163   15115   11952    9287    6717    4896
    3540    2307    1558    1202     751     609     408     372     407     387
     510     531     644     870    1096    1342    1638    2067    2494    2856
    3132    3565    3856    4030    4375    4347    4240    4127    3987    3491
    3061    2652    2264    1892    1460    1201     955     765     512     421
     347     258     234     194     167     158     149     136     149     142
     151     146     142     135     124     122     133     117     121      99
     113     115     106     115     131     112     115     141      98     102
     103     104     105     112     102      99      96     114     126      97
     125     104     101      97     113      97      97      98     117     100
     110     122      93     115     119     127     104     111     132     115
     100     111      90     109     102     113     129     126     122     105
     126     120     103     129     117     115     113     135     128     127
     154     119     114     129     149     136     129     151     143     155
     138     130     147     148     139     149     146     162     133     155
     157     153     143     153     164     157     140     169     158     150
     164     173     163     180     147     161     161     172     182     162
     170     172     168     169     161     176     178     174     173     184
     189     163     193     176     157     171     194     189     187     161
     205     191     183     188     218     196     184     206     221     191
     172     188     192     212     215     175     176     206     161     201
     214     212     210     233     241     234     210     225     218     250
     211     246     255     215     252     258     285     263     234     243
     275     234     248     276     258     241     226     246     222     223
     230     237     234     278     235     251     228     236     231     214
     265     251     227     217     226     243     210     237     263     243
     260     219     208     269     257     263     249     233     229     231
     254     255     250     272     273     255     260     273     250     271
     234     234     265     278     275     269     257     232     270     272
     272     274     271     276     272     270     248     273     272     264
     276     270     264     252     239     260     280     285     240     236
     255     230     231     225     243     245     243     245     263     240
     225     191     255     252     223     244     243     250     232     245
     242     217     214     273     234     269     279     246     258     242
     264     242     251     240     242     223     254     251     235     231
     269     250     227     228     278     231     215     239     231     259
     254     264     215     249     258     266     259     276     269     259
     286     231     284     262     290     299     304     294     328     274
     324     288     320     301     288     300     321     321     352     341
     342     378     342     370     379     366     350     378     380     410
     381     381     352     407     380     366     385     377     336     381
     350     338     302     318     314     279     305     281     323     299
     268     273     274     272     278     289     263     279     290     295
     298     278     291     294     289     280     271     286     357     295
     304     337     343     349     337     380     355     375     385     355
     427     431     442     403     399     407     358     361     356     358
     362     369     322     303     308     288     291     285     256     278
     280     277     285     277     271     275     302     264     281     298
     274     271     265     254     271     284     299     301     262     274
     235     280     249     276     271     262     249     220     278     265
     249     249     260     255     259     286     276     247     276     285
     277     261     286     300     274     250     302     266     289     271
     297     270     320     272     285     331     268     322     288     315
     304     287     271     263     298     285     285     305     265     273
     280     313     284     261     278     284     279     254     265     255
     289     303     294     290     292     314     292     283     306     286
     249     265     271     252     247     287     260     259     264     217
     239     280     236     262     249     284     274     221     268     234
     279     254     256     272     226     276     255     283     272     260
     268     250     262     249     262     272     256     263     221     285
     289     233     258     242     244     221     239     234     257     262
     274     229     246     247     276     236     255     284     266     252
     241     243     256     248     229     225     258     235     260     275
     243     245     268     270     262     223     251     239     257     225
     257     240     279     269     229     268     251     263     249     259
     237     240     247     225     262     263     270     272     239     280
     248     218     250     260     268     234     255     277     222     247
     250     248     261     254     291     264     259     242     261     246
     242     229     237     249     242     247     212     273     247     262
     242     256     241     232     244     265     235     240     248     248
     272     256     260     262     259     262     244     204     278     244
     258     297     243     239     243     229     248     263     264     257
     247     247     259     269     227     263     251     230     263     254
     226     243     252     248     276     248     258     242     272     269
     255     260     258     240     245     249     212     242     268     255
     231     255     244     225     262     255     256     242     227     259
     261     223     236     230     255     262     257     215     240     230
     256     262     258     230     256     247     229     264     244     221
     227     260     241     214     230     232     263     215     255     233
     231     236     213     236     235     249     246     234     242     241
     203     207     212     256     237     216     251     239     233     225
     247     241     228     226     271     223     217     220     228     240
     234     220     203     226     222     227     229     237     217     260
     229     264     225     236     248     251     250     236     223     239
     222     208     228     232     201     241     215     248     241     228
     230     194     211     206     254     233     214     222     228     239
     222     223     234     237     212     225     216     245     214     291
     246     222     220     226     252     223     241     228     220     199
     226     249     259     210     236     237     244     250     211     242
     239     228     230     219     211     222     229     203     216     205
     230     219     251     221     225     236     206     220     210     217
     207     208     180     204     243     213     230     231     201     227
     197     218     192     226     231     204     243     216     222     217
     237     190     222     227     218     205     177     225     221     203
     202     201     236     206     216     221     221     212     206     202
     213     236     228     220     216     187     223     243     210     206
     183     192     235     215     216     190     204     197     216     200
     228     231     207     214     210     201     202     211     220     235
     175     218     229     228     226     232     190     191     214     200
     219     207     255     189     219     217     202     188     207     191
     182     194     212     216     210     220     194     217     226     203
     223     211     218     196     223     219     205     192     191     193
     174     213     252     190     162     208     205     186     200     210
     206     210     179     202     203     226     174     187     186     210
     187     184     193     188     206     201     198     182     168     186
     208     223     192     205     177     183     198     196     196     214
     210     180     207     174     184     202     178     202     208     185
     208     156     188     180     168     177     187     217     208     172
     217     218     182     184     193     169     199     189     184     175
     179     172     188     177     202     213     175     175     191     207
     179     185     206     201     187     184     189     187     184     178
     183     176     197     184     167     187     188     189     190     206
     179     193     193     186     176     179     185     218     192     175
     199     196     196     186     162     189     207     167     174     178
     160     204     196     183     191     183     196     184     194     192
     185     171     212     173     197     188     207     179     202     190
     177     172     210     192     161     165     185     191     171     172
     179     184     199     180     179     201     159     196     175     180
     165     197     180     144     184     190     165     175     160     180
     187     185     168     156     176     168     173     155     187     158
     201     197     183     186     147     159     169     180     179     175
     182     180     176     176     185     170     160     184     150     164
     186     170     193     171     175     182     175     168     179     180
     141     171     164     157     190     171     160     174     180     171
     183     157     179     183     204     164     178     165     164     170
     153     190     184     187     167     221     170     174     184     165
     185     163     161     170     157     168     177     151     183     167
     172     163     169     182     149     144     164     159     168     138
     179     156     167     169     157     148     180     180     178     139
     169     157     172     184     179     191     140     178     179     176
     162     160     151     169     163     157     179     161     163     189
     163     159     172     142     149     151     168     154     183     186
     164     163     170     157     160     140     171     145     155     124
     169     160     184     163     170     142     159     167     169     163
     162     179     162     189     169     161     185     160     173     142
     165     155     170     162     173     160     163     176     184     161
     147     147     155     175     165     140     168     182     132     138
     182     192     160     150     170     176     170     182     200     191
     177     160     214     155     168     197     168     201     162     194
     161     161     202     182     201     198     183     176     162     184
     183     182     170     196     203     165     175     175     194     189
     189     215     186     193     198     191     204     186     223     206
     204     212     205     217     234     232     206     207     198     229
     244     243     230     214     232     220     229     239     248     249
     202     250     254     222     227     255     251     312     265     260
     287     323     294     285     324     309     287     309     353     363
     363     337     382     379     391     407     477     444     475     508
     510     519     471     580     603     591     577     632     688     668
     723     732     776     786     797     827     912     878     883     936
     928    1025     971     974    1044    1088    1050    1043    1137    1085
    1173    1117    1150    1186    1156    1137    1255    1175    1157    1170
    1259    1153    1130    1180    1126    1124    1087    1114    1101    1058
    1077     955    1011     982    1026     942     913     864     869     821
     846     804     720     711     710     644     634     613     653     531
     562     533     541     490     481     507     460     461     410     411
     376     355     344     318     343     321     347     306     304     317
     287     255     290     262     251     244     256     251     250     229
     271     278     284     269     274     280     276     265     308     300
     349     361     378     376     360     388     406     444     417     464
     459     471     436     443     520     507     477     479     536     478
     443     480     459     451     449     413     451     432     417     364
     342     319     334     309     362     290     260     218     231     222
     193     214     196     200     172     178     163     148     148     150
     158     172     160     141     134     150     141   80874
