$Informacoes da Fluorescencia de Raios-X:
"Sample    : sio_31493p16lamfi",                                                          
"Operator  : ",                                                                           
"Comment  : micromatter_sio 47.5 ug/cm2",                                                 
"Group     : kerr2007ab13liv300al",                                                       
"Date       : 2013-03-07 11:48:14",                                                       
"",                                                                                       
"Mesurement Condition",                                                                   
"------------------------------------------------------------------------------------",   
"Instrument : 700HS2   Atmosphere : Vac.   Collimator : 10(mm)   Spin : No",              
"------------------------------------------------------------------------------------",   
"Analyte               TG kV   uA      FI Acq.(keV)  Anal.(keV)  Time(sec)     DT(%)",    
"------------------------------------------------------------------------------------",   
"Na                    Rh 50 1000-Auto Al  0 - 20    0.8 - 1.2   Live -  180   16",       
"Channel_info_start",                                                                     
"Channel : Na",                                                                           
"Points : 2048
"Range : 0.000000 - 20.480000",                                                           
"Step : 0.010000",                                                                        
"Channel_info_end",                                                                       
$DATA:
       0    2047
       0       0       0       0       0       0       0       0       0    2048
       0       0       0       0       0       0       0       0       0       0
       0       0       0       0       0       0       0       0       0       0
       0       0       0       0       0       0       0       1       1       2
      28      45      59      64      53      41      46      50      55      60
      61      57      53      66      66      59      54      62      56      50
      60      47      54      54      50      54      46      47      45      55
      50      54      57      47      42      46      60      55      35      65
      38      50      36      47      48      48      43      55      41      61
      51      54      45      42      42      41      41      45      37      50
      54      47      56      46      38      53      40      51      39      43
      46      47      34      55      53      51      48      45      39      50
      41      58      51      51      45      55      48      39      28      61
      48      55      41      38      42      54      41      58      57      42
      54      56      54      71      67      71      69      62      51      61
      87      67      79      70      82      99      88      87      93      91
     104     107     113     102     103     133     140     147     151     203
     276     405     525     888    1282    1870    2551    3489    4177    5130
    5632    6239    6873    6732    6534    6421    5656    5010    4053    3396
    2597    1924    1410    1000     724     569     381     318     260     231
     185     203     184     218     239     226     252     277     312     280
     294     283     286     243     277     200     185     165     126     100
      90      46      68      49      45      49      53      61      37      48
      47      35      40      36      47      34      33      31      34      48
      30      32      40      36      32      27      45      32      35      35
      32      29      42      32      21      35      27      31      30      34
      27      28      22      37      34      30      28      26      38      43
      37      47      47      62      46      41      59      56      56      54
      53      56      46      54      39      51      46      50      50      40
      45      56      61      57      49      46      60      44      46      58
      60      32      61      28      51      43      43      51      44      41
      41      32      35      47      31      42      38      44      49      47
      42      53      60      45      46      56      63      55      53      45
      48      45      54      51      49      44      54      65      58      55
      47      49      60      54      45      73      45      44      71      65
      54      71      56      64      67      61      82      90      78      88
     121     144     185     233     343     387     541     703     923    1200
    1447    1873    2194    2505    2964    3140    3403    3591    3590    3577
    3298    3064    2809    2509    2188    1770    1428    1139     907     688
     530     441     286     254     227     194     186     181     212     203
     238     247     293     313     362     382     452     478     481     538
     540     519     500     487     458     382     359     308     299     211
     195     156     148     135     108     118      99      95      82      84
      88      96      90      81      84      91      91     100      95     104
     124      83      93     122     119     129     118     132     112     132
     119     168     149     132     143     154     161     151     163     163
     175     192     188     201     202     196     203     179     184     224
     205     188     171     177     174     204     166     195     186     165
     166     162     172     141     154     166     158     145     169     145
     117     134     131     147     143     147     159     132     142     156
     121     123     147     141     129     140     144     140     123     100
     139     140     128     165     149     141     137     136     161     113
     142     145     115     151     116     152     158     159     140     146
     145     145     154     141     132     156     123     139     141     138
     145     151     152     152     177     165     169     179     172     158
     182     178     144     165     169     190     175     172     174     156
     162     185     173     182     159     169     185     156     148     200
     177     177     186     170     180     172     168     195     165     203
     185     204     196     188     194     225     200     216     180     192
     157     217     206     198     179     198     192     222     226     202
     231     220     218     249     220     220     242     206     220     202
     220     250     210     241     225     239     236     242     257     268
     212     253     263     273     250     250     259     263     253     281
     269     229     247     252     275     263     264     275     304     277
     270     316     300     329     267     296     299     311     335     339
     302     331     302     318     301     315     271     294     298     297
     303     269     291     297     288     301     311     268     259     286
     281     287     286     320     315     325     322     311     296     332
     286     304     309     350     306     311     328     319     362     332
     328     348     295     344     360     328     290     343     320     319
     322     310     329     291     345     308     353     318     324     324
     283     319     325     340     343     269     263     341     324     328
     300     344     317     333     290     303     304     335     274     298
     296     316     311     237     306     298     321     280     319     293
     314     332     351     293     312     310     318     314     311     303
     300     338     316     338     335     351     321     312     304     301
     251     345     323     315     288     322     321     325     303     322
     282     320     254     312     317     323     293     338     324     332
     336     347     365     340     327     342     328     389     296     343
     307     348     305     349     323     350     332     305     334     345
     333     370     363     408     391     391     357     391     373     416
     414     357     416     387     388     383     359     371     339     406
     338     378     366     363     355     335     348     385     332     339
     359     290     332     362     317     317     311     337     349     339
     340     362     356     353     348     345     347     331     339     351
     349     357     328     309     374     355     359     372     381     392
     404     405     413     430     414     431     484     526     516     471
     491     517     496     526     506     491     479     450     439     463
     444     408     415     349     354     365     329     333     312     349
     334     344     350     351     335     335     347     339     293     296
     293     335     337     325     317     327     355     354     352     323
     332     295     310     315     298     337     327     330     297     345
     314     339     306     333     310     346     312     310     336     314
     366     321     319     293     314     332     339     341     354     327
     299     312     318     321     325     323     324     346     339     284
     343     328     349     301     309     363     347     323     362     367
     368     342     340     365     352     334     359     354     333     340
     343     346     346     344     353     376     339     356     307     351
     283     337     324     369     316     331     331     338     290     307
     318     296     331     312     315     306     297     298     301     283
     311     295     309     319     287     312     316     328     314     293
     334     329     302     318     312     336     353     315     342     294
     289     325     324     316     347     315     342     301     306     318
     317     295     287     267     321     338     323     309     308     323
     314     311     329     331     338     337     316     299     306     344
     338     284     272     304     307     336     276     349     323     354
     291     309     339     303     312     318     299     300     305     318
     325     314     332     301     294     317     305     291     327     296
     315     313     276     319     288     317     355     340     294     328
     269     328     316     303     312     328     334     296     310     330
     288     305     295     302     338     327     291     312     278     286
     346     313     320     319     319     285     312     311     290     304
     301     344     310     310     309     290     300     297     293     282
     310     322     288     337     310     315     325     311     311     310
     283     318     309     313     304     286     321     333     341     313
     279     289     321     312     301     331     280     297     288     282
     290     340     282     288     284     312     356     277     312     304
     269     327     272     286     324     276     287     302     272     300
     283     293     315     304     286     305     272     271     298     298
     323     311     278     330     316     295     288     285     275     295
     323     290     291     276     260     253     296     304     314     314
     303     317     275     275     278     261     265     276     274     310
     259     294     300     280     281     275     270     279     279     279
     269     294     278     289     317     264     307     243     274     279
     280     264     320     262     294     266     273     262     275     281
     285     246     299     264     282     268     291     253     331     284
     260     266     267     276     298     253     288     291     287     274
     288     259     266     274     288     282     280     297     278     265
     269     271     257     297     304     273     301     284     263     270
     263     298     274     236     282     286     264     277     262     269
     275     268     297     243     245     239     298     279     295     283
     256     279     277     271     290     278     247     279     277     254
     236     243     276     303     246     277     262     272     252     267
     239     283     263     269     268     283     273     263     269     279
     254     273     300     261     256     278     276     256     247     248
     287     260     257     276     287     276     239     267     270     254
     269     278     261     269     260     249     280     254     235     255
     253     253     256     234     232     254     256     261     257     301
     237     227     245     248     260     270     261     238     260     257
     245     257     259     257     255     269     268     269     255     231
     261     259     239     260     237     268     272     224     234     261
     281     246     264     239     277     262     221     266     268     264
     264     264     239     268     262     277     253     243     268     238
     245     247     243     265     256     249     232     244     248     227
     227     238     237     257     243     247     249     228     252     273
     250     222     241     233     263     271     211     234     266     261
     247     236     219     253     228     209     240     227     237     253
     245     222     246     216     239     250     268     237     245     268
     242     247     241     262     231     214     256     295     231     220
     252     248     236     231     252     248     218     274     238     254
     233     242     269     246     220     219     249     227     240     224
     247     239     243     221     233     217     234     217     250     222
     241     233     236     212     214     197     235     220     216     233
     226     209     262     232     215     229     243     225     210     220
     212     202     217     209     234     207     259     210     230     225
     233     210     221     227     213     248     250     238     242     232
     230     196     239     230     213     218     217     220     203     200
     234     230     224     220     261     222     204     176     227     228
     181     203     225     202     211     240     211     218     207     206
     208     217     209     222     225     197     211     207     226     205
     224     198     211     213     233     216     257     228     206     221
     195     208     195     211     246     202     209     226     216     213
     226     222     229     230     225     202     213     205     228     232
     208     205     185     219     210     214     208     197     220     219
     222     224     222     185     202     220     241     210     172     214
     209     209     204     191     225     217     224     215     197     212
     204     206     219     185     207     187     216     187     191     195
     206     214     217     213     190     209     181     195     205     231
     210     229     199     193     205     205     218     211     197     201
     220     200     183     213     219     198     190     202     228     212
     194     205     227     205     167     200     209     181     190     206
     198     210     207     207     208     187     177     198     224     212
     212     193     202     204     202     191     218     214     194     206
     233     183     193     194     213     214     198     208     191     187
     205     215     202     195     215     181     210     196     200     213
     212     207     206     188     178     200     193     207     210     231
     218     185     215     208     202     192     188     204     173     196
     220     216     187     227     197     188     188     170     199     201
     192     211     212     229     211     182     235     199     213     196
     217     208     204     210     193     190     212     194     224     227
     221     212     244     219     229     217     204     220     214     214
     230     222     181     200     243     207     193     206     220     224
     241     237     242     244     231     256     224     215     220     233
     265     237     239     233     249     246     230     250     255     231
     242     236     266     278     271     257     251     240     260     263
     325     256     266     288     265     283     301     265     286     311
     328     287     322     295     316     305     301     319     323     319
     372     388     369     358     386     375     390     363     438     391
     435     403     438     466     494     521     565     542     570     525
     644     629     629     696     729     721     743     744     846     846
     881     899     914    1014     966    1042    1080    1095    1166    1087
    1222    1246    1238    1275    1327    1320    1275    1302    1330    1428
    1402    1336    1477    1513    1568    1444    1531    1549    1471    1423
    1594    1462    1431    1364    1409    1362    1367    1418    1350    1273
    1293    1232    1265    1242    1142    1099    1123    1136    1091    1030
    1021     966     890     857     884     843     848     793     714     739
     679     651     718     630     623     545     545     543     514     505
     442     457     430     447     407     387     388     369     408     350
     322     332     313     338     311     291     315     309     264     307
     316     308     335     333     362     337     343     333     403     397
     373     417     450     447     447     480     495     472     501     510
     600     590     515     582     585     561     578     605     576     565
     553     530     560     556     517     495     542     485     476     430
     416     393     414     348     362     364     315     305     305     238
     243     229     238     243     230     190     214     179     184     198
     177     188     204     193     183     176     171   99654
