$Informacoes da Fluorescencia de Raios-X:
"Sample    : sio_34665_16p",                                                              
"Operator  : ",                                                                           
"Comment  : micromater sio 52.6ug/cm2",                                                   
"Group     : kerr2007ab13liv300al",                                                       
"Date       : 2013-03-06 17:21:59",                                                       
"",                                                                                       
"Mesurement Condition",                                                                   
"------------------------------------------------------------------------------------",   
"Instrument : 700HS2   Atmosphere : Vac.   Collimator : 10(mm)   Spin : No",              
"------------------------------------------------------------------------------------",   
"Analyte               TG kV   uA      FI Acq.(keV)  Anal.(keV)  Time(sec)     DT(%)",    
"------------------------------------------------------------------------------------",   
"Na                    Rh 50 1000-Auto Al  0 - 20    0.8 - 1.2   Live -  179   17",       
"Channel_info_start",                                                                     
"Channel : Na",                                                                           
"Points : 2048
"Range : 0.000000 - 20.480000",                                                           
"Step : 0.010000",                                                                        
"Channel_info_end",                                                                       
$DATA:
       0    2047
       0       0       0       0       0       0       0       0       0    2048
       0       0       0       0       0       0       0       0       0       0
       0       0       0       0       0       0       0       0       0       0
       0       0       0       0       0       0       0       0       0       4
      32      53      66      59      51      50      57      61      46      51
      56      56      53      52      57      56      61      49      50      58
      59      48      64      60      61      47      46      60      59      49
      48      57      46      53      48      37      58      50      57      58
      51      57      54      45      40      47      38      49      50      44
      41      55      48      71      49      50      43      50      46      44
      60      50      54      45      49      38      53      46      35      55
      43      52      47      50      32      57      51      50      55      50
      52      49      55      52      51      39      48      43      53      56
      51      46      46      51      47      48      51      49      54      47
      66      58      52      56      54      78      58      66      69      69
      71      78      82      80      77      96      84     107     108     104
     104     104     115     137     136     123     142     121     171     229
     272     406     620     911    1403    1966    2713    3707    4488    5530
    6041    6902    7403    7294    7061    6891    6008    5397    4302    3540
    2803    2053    1484    1075     814     617     475     356     288     238
     214     218     195     221     217     256     259     267     307     285
     335     303     291     278     231     202     178     145     136     111
      88      69      55      53      48      58      54      44      31      33
      38      41      46      30      20      32      47      36      48      51
      41      35      30      45      39      37      41      51      38      39
      38      45      37      37      34      38      36      39      35      39
      23      29      34      26      41      45      40      43      58      48
      48      47      72      63      52      56      77      54      58      61
      39      35      53      43      58      55      46      59      47      51
      52      52      57      63      34      53      63      66      51      46
      51      58      50      55      43      45      45      47      48      39
      37      51      44      43      55      48      34      46      56      51
      45      32      49      45      52      52      58      47      43      51
      51      61      51      56      54      66      64      59      52      62
      62      71      60      73      64      45      66      65      75      61
      79      61      67      67      66      76      76      80      91     101
     135     135     202     220     313     378     529     785     910    1194
    1477    1895    2136    2565    2971    3285    3419    3691    3636    3717
    3306    3272    2952    2618    2218    1866    1543    1251     904     676
     551     406     339     266     208     191     191     174     191     205
     256     304     270     310     362     383     414     474     515     539
     537     596     509     470     483     433     376     308     283     275
     223     188     153     144     111     120      84      97      73      80
      85      95      83      84     101     104      96      85     114     111
     105     123      98     111     133     142     144     133     130     129
     136     154     174     142     168     173     164     195     171     158
     188     173     174     203     164     188     207     205     212     193
     204     188     189     204     175     185     180     191     165     196
     157     177     185     157     151     165     174     167     172     151
     149     159     160     164     140     152     144     142     147     133
     128     144     137     153     174     151     163     119     136     154
     121     148     168     149     158     135     135     129     157     157
     147     160     148     137     154     158     135     162     151     141
     158     152     147     136     141     151     174     142     154     168
     158     166     169     146     160     170     162     173     181     166
     186     166     161     157     165     174     189     137     185     164
     182     193     193     179     161     159     172     191     186     178
     191     206     178     176     215     178     199     201     180     175
     214     198     192     195     187     203     207     199     198     205
     186     218     194     220     207     206     192     250     255     229
     215     247     252     228     199     231     216     252     231     267
     243     254     228     228     227     236     237     244     258     249
     225     260     257     265     253     291     260     286     233     234
     253     255     269     271     275     279     297     290     313     282
     266     316     354     308     285     314     319     318     300     346
     307     339     331     322     325     341     339     302     282     310
     280     312     299     331     341     345     306     330     298     322
     314     331     304     325     319     320     332     327     320     321
     304     342     320     348     318     317     338     351     304     309
     327     331     328     336     337     339     323     348     364     325
     341     319     333     289     343     327     333     314     343     337
     378     319     337     384     332     334     304     310     323     362
     368     363     325     348     351     301     303     326     321     335
     326     316     349     327     341     332     306     319     334     334
     284     292     337     323     300     333     329     304     344     309
     342     323     299     350     339     351     321     348     358     334
     333     333     303     338     315     300     334     318     347     320
     329     280     304     338     383     335     339     349     334     354
     361     329     379     363     335     357     338     374     361     351
     369     342     332     391     386     393     326     357     378     362
     384     369     412     400     389     364     448     438     410     443
     392     423     357     423     438     410     414     392     381     412
     378     376     378     341     414     377     346     354     347     332
     327     341     349     353     341     370     376     340     338     342
     358     347     347     353     359     381     388     330     356     365
     327     359     325     377     370     406     373     410     385     435
     450     426     427     412     443     446     479     527     498     529
     530     524     520     525     543     511     532     478     482     496
     452     412     454     417     407     377     390     351     351     366
     340     362     353     342     367     344     325     337     353     327
     355     337     369     373     346     342     369     361     331     336
     326     314     323     334     318     370     338     335     350     322
     336     340     318     372     343     323     328     306     342     320
     350     330     332     340     319     349     319     312     347     346
     331     330     369     355     306     346     329     336     323     349
     358     312     343     344     326     383     345     353     383     371
     367     362     365     384     362     349     379     360     370     346
     387     385     371     345     366     328     319     338     356     323
     311     332     332     309     338     333     351     365     338     305
     342     339     314     368     332     323     350     337     318     361
     317     317     338     335     317     368     322     356     327     318
     302     305     314     353     328     353     302     348     347     327
     345     322     339     281     335     362     295     335     336     318
     344     335     307     304     349     375     329     325     329     332
     365     349     332     374     339     294     335     330     346     298
     326     353     294     342     340     364     316     337     347     333
     328     377     370     309     319     311     340     342     294     345
     346     344     293     330     307     321     316     329     338     340
     325     292     333     337     310     320     341     325     322     326
     341     362     325     323     374     378     317     312     355     336
     313     301     322     360     316     332     317     347     313     301
     314     332     302     314     327     330     331     304     361     320
     288     306     347     341     313     312     307     307     297     355
     351     318     334     325     312     344     294     329     323     331
     297     301     298     341     293     334     305     355     341     303
     318     307     310     332     356     280     320     285     319     314
     315     356     303     309     306     290     327     316     292     345
     317     362     300     290     300     317     289     297     329     327
     306     325     343     329     285     288     318     305     298     305
     332     302     309     308     313     312     334     300     300     320
     259     320     317     280     290     295     325     293     313     299
     287     316     317     305     280     336     285     291     295     304
     270     317     285     329     301     298     284     300     322     286
     307     314     277     308     292     298     301     279     280     295
     265     297     297     326     303     311     277     311     301     298
     301     300     295     280     315     252     280     305     313     286
     316     267     305     286     264     291     310     282     284     293
     316     299     302     279     297     272     265     284     328     275
     289     286     290     301     292     245     295     273     301     274
     322     295     256     266     285     274     281     300     291     281
     289     303     289     306     281     275     328     256     276     294
     286     302     265     308     267     263     302     256     278     274
     286     277     282     288     246     264     287     313     274     295
     258     288     253     310     287     280     284     273     301     280
     247     287     297     310     290     252     275     301     232     267
     283     260     293     290     270     239     278     278     253     275
     265     259     262     257     266     280     299     288     265     270
     267     287     253     267     250     282     259     282     242     257
     275     277     285     293     272     288     309     274     249     255
     261     284     263     278     285     238     282     264     284     245
     248     278     256     254     264     245     283     289     249     252
     260     287     252     290     252     272     249     239     271     306
     246     267     244     253     258     264     218     260     253     243
     241     275     247     255     255     271     252     225     244     257
     233     262     249     261     249     273     280     279     272     263
     293     293     213     264     245     257     252     277     266     258
     232     253     279     260     256     266     258     225     203     253
     257     287     230     290     266     251     239     249     244     276
     267     236     251     238     256     262     266     265     238     250
     255     255     262     249     265     259     227     266     237     251
     220     263     250     255     277     219     253     247     234     251
     244     265     239     238     242     247     197     244     255     252
     258     231     228     263     224     232     245     238     212     234
     227     231     257     209     242     234     246     230     233     239
     210     234     245     235     235     238     251     230     224     255
     246     273     223     206     245     226     223     247     237     231
     222     252     252     253     225     223     256     241     260     222
     252     236     237     213     234     213     204     235     253     269
     239     235     238     221     248     212     227     228     247     209
     223     208     229     234     241     221     220     224     219     228
     241     209     224     243     245     225     199     249     246     241
     238     230     217     188     252     219     218     232     219     230
     224     201     242     237     237     223     234     233     205     216
     205     243     215     207     216     231     214     207     219     223
     223     181     231     241     204     236     213     226     209     202
     219     217     207     210     228     213     230     245     213     216
     219     226     255     233     215     216     221     232     213     203
     239     182     223     217     210     234     216     226     200     243
     212     216     233     227     210     218     246     212     221     233
     235     216     246     215     205     175     209     219     229     213
     232     212     227     223     196     219     209     189     180     216
     224     198     213     234     197     225     194     233     245     228
     195     204     221     204     235     209     205     236     210     198
     237     212     220     197     223     217     192     223     207     218
     206     239     212     241     213     196     198     206     208     216
     210     191     221     203     209     184     216     216     203     197
     184     198     220     220     200     216     229     198     205     213
     230     210     216     203     209     228     221     216     218     224
     199     202     208     230     223     206     228     201     241     191
     207     229     205     221     218     226     217     227     207     234
     187     214     272     206     222     220     218     260     224     232
     232     219     206     227     224     210     217     242     219     223
     224     242     238     237     259     234     256     235     235     257
     263     251     246     233     265     236     239     238     245     239
     267     273     251     247     258     258     269     295     289     294
     290     284     258     302     308     312     310     333     286     308
     293     317     330     323     339     301     359     349     335     330
     312     359     358     387     390     385     362     414     449     472
     415     480     507     511     496     526     601     565     586     607
     637     653     654     666     781     753     786     702     887     846
     885     874    1024    1062    1036    1034    1104    1193    1090    1150
    1337    1279    1230    1321    1437    1354    1384    1352    1545    1456
    1499    1372    1552    1637    1418    1436    1525    1529    1518    1506
    1694    1525    1434    1522    1530    1553    1458    1431    1407    1330
    1285    1240    1411    1335    1309    1210    1164    1166    1106    1031
    1049    1039     983     968     924     913     841     823     736     706
     676     713     707     650     632     608     564     566     534     522
     532     505     471     458     450     426     388     403     394     394
     338     327     378     337     294     319     336     314     336     299
     348     321     356     367     347     336     364     336     384     415
     403     464     451     466     483     499     489     531     540     545
     613     599     574     577     653     640     584     597     636     604
     554     604     614     569     555     547     553     534     500     450
     420     403     414     401     407     365     317     346     307     295
     278     255     282     252     208     219     194     248     193     209
     218     196     181     189     196     192     207  104565
