$Informacoes da Fluorescencia de Raios-X:
"Sample    : srf2_15761p16lamfi",                                                         
"Operator  : ",                                                                           
"Comment  : micromatter srf2 45.9ug/cm2",                                                 
"Group     : kerr2007ab13liv300al",                                                       
"Date       : 2013-03-07 13:47:11",                                                       
"",                                                                                       
"Mesurement Condition",                                                                   
"------------------------------------------------------------------------------------",   
"Instrument : 700HS2   Atmosphere : Vac.   Collimator : 10(mm)   Spin : No",              
"------------------------------------------------------------------------------------",   
"Analyte               TG kV   uA      FI Acq.(keV)  Anal.(keV)  Time(sec)     DT(%)",    
"------------------------------------------------------------------------------------",   
"Na                    Rh 50  295-Auto Al  0 - 20    0.8 - 1.2   Live -  180   20",       
"Channel_info_start",                                                                     
"Channel : Na",                                                                           
"Points : 2048
"Range : 0.000000 - 20.480000",                                                           
"Step : 0.010000",                                                                        
"Channel_info_end",                                                                       
$DATA:
       0    2047
       0       0       0       0       0       0       0       0       0    2048
       0       0       0       0       0       0       0       0       0       0
       0       0       0       0       0       0       0       0       0       0
       0       0       0       0       0       0       0       0       0       0
       9      43      43      36      39      44      46      44      38      52
      35      46      27      47      47      43      50      44      40      51
      53      45      46      45      54      52      39      62      47      56
      54      56      62      55      70      53      46      50      53      58
      47      70      40      39      40      33      45      45      41      42
      33      45      45      28      38      40      35      47      35      38
      33      36      30      35      20      38      28      31      24      41
      31      27      36      42      31      34      27      33      34      28
      24      28      30      35      28      30      27      32      17      31
      21      33      25      28      23      33      28      39      22      36
      25      28      36      24      41      36      37      33      34      38
      43      27      38      36      46      45      54      55      47      76
      70      88     103     125     145     142     162     157     199     201
     189     190     206     190     179     215     197     235     238     322
     384     475     705     856    1149    1532    1668    1996    2224    2515
    2605    2714    2590    2490    2367    2141    1928    1727    1482    1363
    1182     994     794     762     614     482     440     361     287     267
     212     178     142     115      98      95      60      64      48      37
      40      45      42      40      40      36      37      48      40      50
      41      47      61      62      41      34      41      38      33      35
      35      37      28      39      21      17      26      18      33      22
      18      15      19      18       8      18       9      25      20      21
      18      16      21      18      16      20      16      18      31      18
      21      25      21      23      22      13      13      19      24      24
      19      24      18      15      24      18      21      23      17      25
      22      22      20      17      18      23      17      18      21      25
      24      22      16      28      21      22      16      21      16      30
      26      25      28      23      19      17      17      25      14      19
      18      17      17      12      21      22      24      20      21      33
      17      20      18      14      30      15      26      24      16      15
      13      20      23      16      20      13      22      15      17      32
      27      15      21      15      20      28      35      35      30      31
      36      38      65      75      80     111     108     148     197     274
     280     377     444     514     577     658     649     707     692     745
     661     633     521     449     395     342     251     216     164     139
     110      92      83      85      73      71      65      64      71      65
      80      78      76      92      82     106     105     125     112     137
     113     118     109     103     103      80      88      81      57      70
      33      63      33      55      38      42      30      40      31      35
      23      42      30      33      25      37      46      37      38      41
      34      47      43      53      55      53      44      44      56      41
      63      52      50      56      52      63      64      72      59      74
      77      70      60      70      64      71      63      72      66      55
      58      59      65      73      61      52      45      71      54      60
      50      53      61      65      56      59      37      51      51      56
      55      57      45      51      44      47      46      34      50      35
      46      51      40      52      44      39      42      50      45      41
      45      43      45      42      42      56      35      44      45      47
      46      46      44      38      40      54      62      50      48      42
      53      42      53      36      45      38      54      46      46      52
      42      47      43      42      55      54      67      57      54      47
      54      54      62      63      52      51      57      58      61      70
      62      66      60      56      45      61      66      65      65      63
      59      74      63      56      50      73      57      46      67      80
      84      62      84      72      65      82      81      89      78      70
      86      85      85      97      83      81      85      99      94      93
      96      84      99      83      89      89      99     109      93      80
      96      99      99     100     104     101      85      86      89      89
      96      90      94      91      91      91     109      91      91      90
      89      92     102      97      85      85      82      98      84      79
      97      91     105     103     118      84     109     109     112     110
      88     113     108     110     140     113     115     116     113     117
     100     114     116      99      83     125      89      98     122     130
     129     120     123     124     122     108     127     121     142     100
     116     127     140     114     127     131     106     122     106     115
     135     119     141     111     127      91     119     115     108     114
     104     100     123     105     118     119     116     123     117      95
     120     102     102     103     120     113     112     113     121     125
     116     120     103     117     120     101     112     109      89     129
     101     109     100     116     112     118     120     104     109     115
      99      98     109     113      96     113     122      94     117      83
      99     121     102     118     112     140      91     110     121     124
     110     111     116      97     100     104     128     124     102     113
     117     141     128     120     123     115     113     123     125     137
     113     127     138     157     135     130     124     121     113     134
     139     127     139     128     137     134     133     134     135     152
     115     159     151     153     159     178     182     191     200     213
     210     228     249     242     237     270     297     328     312     307
     294     303     284     292     287     279     270     286     245     195
     238     226     192     175     175     155     137     134     137     133
     144     128     119     139     119     116     125     124     132     123
     115     110     109     128     145     124     129     114     143     138
     133     164     150     145     149     166     140     179     175     177
     175     173     174     156     197     180     176     158     156     170
     134     147     153     127     141     123     121     121     140     127
     118     119     128     125     134     105     117     116     131     112
     115     119     118     116     112     117     127     109     113     112
     127     101     111      99      98     119     125     100     110     115
     111     124     116     135     136     104     128     125     149     141
     157     166     172     158     175     168     161     172     197     187
     174     185     195     200     197     213     188     168     190     167
     169     174     142     141     164     162     141     154     142     150
     152     138     152     168     163     145     140     152     136     142
     153     133     149     168     177     116     147     158     139     134
     139     141     118     140     122     131     123     122     121     111
     138     121     116     116     135     131     116     133     131     108
     117     109     119     137     118     124     118     109     111     112
     127     137     112     116     131     109      98     119     112     103
      96     111     133     125     112     106     122     118     110     106
     124     127     120     136      98     109     134     117     112     111
     115     118     113     124     104     132     101     123     130     131
     111     111     127      97     118     102     127     132     131      98
     120      84     110     116     103     102     123     122      99     113
     117     106     102     112     114      93      94     116      90     115
     100     109     100      96     123     124     124     109     119     114
     103     103     115     114     119     130     115     145     140     132
     136     127     106     109     109     129     115     120     127     124
     132     100     109     113     106     114      89     118     102     115
     108     102     105     111     102     123     122     127     124     104
     110     134     124     101     104     114     112     110     127     114
     115     109     105     121      95     123     114     134      97     117
     104     116     120      89     115     108      89      94     121     104
     127     100      89     118     123      95     130     129     119     130
     113     105     106     100     106     128      98     101     108     128
     117     109     112      97     114     113      92     125     113     109
     111     110     123     119      93     115     111     101     130     112
     113     103     102     113     117     117     111      99      92     110
      96     111     100      92     103     116     100      98     118     112
      95     100     103     110     133     105     109     112     103      99
     118     112      77     116     103     114      94     104     114     118
      99     103      95      94      98     118     112     102      94     123
     122     123     102     112     109     104     103     112      91     114
     114      95     110     102     102      91      93      92     109     108
      95     103     105     103      83      88     105      80      86     100
     108      94      83     101      99      90      98     116     102     105
      98      95     102     117      96      98     105      96     114      97
      90     100     102     111      98      95      93     103     124     103
      95     114      94     108     105     100     104      95     105     113
      88     116     101     122     111     113     103      92      98     106
     122     111     110     123     109      97     106     105      99     117
     100     106     121     115     125     128     119     108     142     125
     118     134     115     128     109     143     142     127     134     128
     117     112     144     116     121     134     120     119     135     151
     153     141     151     134     161     152     154     150     164     159
     142     187     170     187     194     178     229     226     300     304
     403     467     635     704     897    1092    1398    1700    2058    2493
    2944    3408    4224    5067    5798    6526    7881    9050    9700   10976
   12461   13596   14523   15393   17211   17976   18508   19408   21818   20872
   20806   20622   20937   20691   19776   19440   19005   18208   16557   15540
   15007   13706   12374   11296    9871    8716    7688    6412    5711    4917
    4080    3410    2856    2397    1908    1549    1338    1075     804     626
     530     462     330     290     267     216     177     173     167     161
     139     128     151     124     124     131     115     133     104     118
     123      98     117     123     102     103      94     106     120     106
      94      90     120      99      93      97     100     121      91     104
     103     108     121     101      93     110     111      90     102     106
     115      88      88      80      92     100     104     112      97      92
     103     110      93      99     125     116     110      95      98     103
     108     114      97     100      86     102     124     115     105     130
     131     103     104     132     113     115     112     113     131     109
     129     135     114     117     128     117     147     141     131     138
     132     124     142     135     157     141     162     171     159     173
     221     218     258     259     319     396     424     451     558     675
     756     833     976    1101    1260    1469    1625    1669    2018    2081
    2193    2376    2697    2799    2899    3017    3243    3096    3328    3272
    3341    3245    3208    3244    3242    2997    2931    2616    2698    2464
    2265    2139    2052    1939    1673    1561    1492    1314    1188    1085
    1056     971     892     816     776     718     662     663     588     609
     508     493     458     461     400     370     371     330     294     246
     222     227     199     187     177     149     137     117     100     104
      95      95      85      82      95      78      88      58      82      59
      73      74      75      73      74      64      66      62      78      67
      60      77      58      71      88      65      63      52      60      71
      66      61      61      65      80      58      80      70      84      70
      65      67      64      70      59      79      70      72      53      58
      65      66      54      75      72      77      73      73      64      62
      58      63      78      63      56      60      59      86      74      69
      73      75      75      60      75      61      64      64      58      57
      72      67      63      78      72      75      72      69      65      58
      55      69      66      71      89      65      81      50      76      80
      57      58      63      75      63      72      70      63      70      60
      72      73      70      70      61      69      75      62      71      58
      69      56      78      60      71      76      58      75      77      66
      78      72      65      59      95      67      71      82      73      74
      70      71      77      59      66      56      71      67      72      55
      63      81      58      62      58      64      56      65      89      74
      69      55      90      72      79      64      89      54      85      81
      69      86      55      53      69      69      67      65      85      71
      63      79      89      79      63      74      89      79      74      61
      82      75      90      76      72      75      92      93      89      88
      88      70      81     100      92      72      89     100      94      70
      71      77      98      96      89      72     103     105     103      93
      98      98      84      86      92     119     109      88     121     114
     110     120     108     109     115     115     124     147     117     151
     140     137     151     162     160     169     159     176     170     186
     186     168     177     214     247     241     244     241     275     274
     292     284     292     290     310     308     331     374     347     345
     397     382     389     384     431     400     434     415     470     458
     450     448     503     472     454     451     481     413     478     439
     479     481     419     416     458     413     448     402     405     414
     411     401     391     394     387     367     343     346     326     293
     358     312     276     281     270     260     242     236     242     218
     239     191     192     193     174     163     163     166     189     152
     173     141     139     135     148     139     104      99     125      89
      92     104     117     103      93      99     115      92      90     103
     118     101     112     113     137     133     137     113     121     144
     138     141     130     160     154     164     169     167     162     175
     207     208     208     193     208     212     226     207     227     209
     199     199     190     191     209     205     224     174     168     182
     157     163     137     133     143     123     105      99     102      90
      98     105      90      80      72      81      64      72      63      72
      66      50      55      58      64      59      53   34682
