$Informacoes da Fluorescencia de Raios-X:
"Sample    : tbf3_34706_16p",                                                             
"Operator  : ",                                                                           
"Comment  : cubatao-g-policarbonato",                                                     
"Group     : kerr2007ab13liv300al",                                                       
"Date       : 2013-03-06 21:14:43",                                                       
"",                                                                                       
"Mesurement Condition",                                                                   
"------------------------------------------------------------------------------------",   
"Instrument : 700HS2   Atmosphere : Vac.   Collimator : 10(mm)   Spin : No",              
"------------------------------------------------------------------------------------",   
"Analyte               TG kV   uA      FI Acq.(keV)  Anal.(keV)  Time(sec)     DT(%)",    
"------------------------------------------------------------------------------------",   
"Na                    Rh 50  334-Auto Al  0 - 20    0.8 - 1.2   Live -  179   19",       
"Channel_info_start",                                                                     
"Channel : Na",                                                                           
"Points : 2048
"Range : 0.000000 - 20.480000",                                                           
"Step : 0.010000",                                                                        
"Channel_info_end",                                                                       
$DATA:
       0    2047
       0       0       0       0       0       0       0       0       0    2048
       0       0       0       0       0       0       0       0       0       0
       0       0       0       0       0       0       0       0       0       0
       0       0       0       0       0       0       0       0       0       0
      10      21      18      18      22      20      25      17      21      27
      17      21      21      17      29      21      23      14      16      26
      16      18      21      23      15      19      15      22      25      27
      24      17      14      24      17      20      11      17      22      22
      16      11      23      15      18      24      15      33      20      15
      14      23      21      14      20      25      25      21       8      20
      14      17      16      26      13      22      19      20      22      13
      14      24      19      17      15      22      14      19      19      36
      15      24      22      27      30      41      51      60      66      93
     119     147     170     193     213     210     226     219     197     187
     188     164     139     124      86      83      67      49      48      44
      53      49      47      68      63      70      52      59      53      66
      54      67      42      51      44      50      52      45      52      57
      62      50      49      54      65      52      50      54      41      52
      41      42      49      41      52      41      37      38      25      31
      25      21      26      37      36      36      24      26      34      32
      47      67      79      68      80      77     125     113     104     144
     115     150     127     111      94      69      83      61      47      29
      33      34      21      37      36      24      26      25      29      18
      28      24      14      30      17      22      19      26      29      21
      11      18      16      31      33      19      23      23      21      15
      25      24      22      20      17      26      17      13      17      24
      17      19      23      20      21      20      27      26      23      18
      22      22      27      27      23      39      23      32      34      32
      17      23      25      26      26      27      26      24      18      32
      31      26      19      36      37      30      25      28      19      37
      25      30      21      27      22      15      21      21      26      25
      27      27      19      25      24      29      21      24      30      17
      19      17      29      25      29      22      23      29      33      27
      34      22      32      30      31      37      30      41      28      34
      26      23      27      28      26      21      24      27      25      33
      31      25      27      30      29      30      36      38      30      39
      43      51      83      89      85     131     177     241     295     395
     487     652     763     859     993    1123    1216    1321    1274    1322
    1238    1169    1050     919     714     578     516     373     302     211
     184     140     113     104      79     100      73      78     100      79
      94     101      98     114     143     167     156     168     207     193
     185     206     189     181     181     156     112     125     122      98
      78      84      76      70      69      43      46      41      48      46
      43      45      49      52      32      43      52      69      43      62
      60      59      55      71      69      65      70      78     100      98
      92      94      91      93     108     129     125     139     144     145
     131     153     136     130     119     157     156     140     124     125
     123     108     106      92      89     111      98      89      75      85
      65      86      98     100      79      86      84      78      78      80
      87      65      70      71      59      75      72      73      81      70
      63      74      84      69      78      79      78      94      65      75
      66      70      77      83      71      69      83      84      85      72
      75      87      79     104     116      99      87     118     121     141
     114     110     122      96     101      97      98     120     109     100
     109     117     102     112     126     119     112     121     166     127
     217     240     215     298     363     418     472     567     581     746
     738     812     858     883     925     918     819     818     751     690
     610     567     459     421     353     316     243     231     217     210
     177     172     137     147     136     146     129     167     145     133
     140     136     146     157     144     143     138     151     158     179
     163     177     164     190     169     192     203     180     162     191
     211     241     275     281     327     411     485     641     881    1146
    1420    1801    2556    3447    4199    5490    6656    8457    9692   11191
   12983   15158   15848   17192   18002   18582   18036   18040   17634   16617
   14702   13363   12066   10336    8433    7197    5823    4676    3601    2895
    2002    1643    1184     901     678     517     410     402     301     279
     258     242     202     234     200     203     214     200     193     221
     187     209     208     193     209     207     231     228     210     209
     229     247     251     316     338     351     406     563     627     858
    1077    1504    1746    2257    2845    3560    4196    5212    5842    6972
    7691    8507    9419   10070   10446   11016   11124   11237   10626   10457
   10049    9261    8475    8002    7363    6367    5577    5127    4509    3839
    3461    2959    2742    2315    2059    1772    1584    1498    1222    1204
    1213    1150    1158    1287    1397    1602    1779    1984    2109    2513
    2653    2802    2984    3005    3087    3021    3193    2989    2840    2656
    2407    2269    1974    1766    1552    1309    1033     911     793     669
     546     470     408     343     273     279     237     213     200     174
     179     171     165     160     161     169     144     177     173     170
     170     183     182     184     164     196     203     244     227     242
     246     239     244     224     251     259     271     281     303     298
     344     373     401     483     512     630     725     856     933    1140
    1236    1387    1451    1551    1720    1792    1772    1910    1870    1842
    1655    1605    1581    1411    1324    1229    1058     947     827     756
     669     603     521     459     476     459     456     447     461     470
     537     635     655     733     710     711     790     785     767     835
     827     803     798     738     677     663     568     559     505     444
     436     330     384     343     301     332     316     318     297     306
     298     311     295     303     310     286     311     284     300     273
     274     232     290     215     220     194     203     204     204     170
     201     144     147     135     170     177     166     155     144     147
     163     154     140     150     135     129     144     155     122     131
     145     127     160     133     142     151     163     138     148     165
     132     169     127     166     155     148     127     145     155     155
     153     145     135     163     172     149     166     181     164     164
     166     151     166     172     164     194     143     168     179     151
     167     174     141     162     160     170     148     168     140     165
     139     153     148     155     163     131     157     141     154     151
     178     162     169     133     160     151     176     166     158     165
     135     148     151     138     153     179     149     127     140     158
     147     124     144     136     139     132     133     142     141     156
     155     147     158     144     148     146     149     140     150     124
     144     123     126     156     136     140     136     133     149     124
     146     134     134     139     158     149     134     133     131     141
     132     136     150     121     141     153     142     157     157     135
     133     145     145     144     136     122     120     145     155     146
     159     131     132     145     148     127     131     120     127     146
     132     145     142     153     134     137     135     143     129     143
     153     161     126     155     150     148     135     123     162     140
     126     146     130     127     140     147     132     148     137     130
     143     142     120     144     140     139     179     138     125     157
     150     136     154     137     144     138     131     147     134      99
     142     133     114     122     134     134     144     117     115     147
     138     109     131     144     149     118     149     144     143     145
     124     153     135     133     143     140     136     132     135     157
     102     127     116     112     142     139     145     146     131     139
     134     139     131     122     143     141     122     132     122     115
     145     136     131     124     126     131     115     139     123     125
     125     129     114     131     123     134     106     165     140     141
     126     121     150     122     101     115     107     142     136     127
     112     126     116     122     108     121     123     137     132     135
     123     124     106     115     125     109     133     121     134     119
     126     135     103     100     121     122     116     153     107     124
     133     123     122     119     115     115     119     138     127     106
     120     121     116     109     133     133     123     114     130     122
     135     120     124     112     114     109     142     138     113     133
     123     122     120     139     136     141     121     111     125     114
     130     141     131     143     121     122     125     127      99     123
     139     130     147     144     132     127     120     134     127     125
     123     108     135     116     138     113     129     123     118     140
     119     106     110     120     125     113      96     107      97     121
     116     102      89     117     124     119     113     111     110      94
     120     116     121     118     126      97     125     104     130     121
     133     103     123     134     103     136     117     123     110     156
     159     141     113     114     139     126     112     126     123     137
     121     117     142     139     136     118     134     111     118     111
     133     114     113     112     115     102      95     113     122     121
      93     106     104     113     114      95     114     122     109     114
     108     107     123     100     119     132     108     109      96     132
     106     111      95     114     111     113     113      86      89     108
      88     116     104     117     115     116      96     107     125     112
     115     113     116     106     120     120     103     113     112     111
     124     100     106     116     111     103     100     103     116      99
     102     103     103      94     101     115      92     131      99     109
     112      97      91     100     111     114     100     111      93     106
     108     120     114     129     113      96     122     115     104     112
     112     116      98     107     104      91     103      98     122     110
      71     118      84     104     115     104      95     100     110     110
     114      98      85      80     112     109     114     104      91     106
      92     119     130      89      87     103     100     112     103     100
     104      98     104      89      83     112     107     106     104      87
      95      98     110      88      68     102      88     111      98      78
      98     102      86     112     104      99      75     100      98     116
     102      92      83      83      89      92      95      83      95      97
      92     101      77      92      98      97      87      92     104      81
      87     100      88      88     101      75      87      90     107     108
      77      88      89      87     109      87      84      89      74      78
      92      88      89      88      93     110      89      89      89      81
      83      97      71      88      85     104      87      80      89     112
      70      76     106      89      97      78      93      88      76      77
      81      90      99      66      89     101      81      83      88      93
      80      80      86      84      97      87      81      85      96      80
      93      80      81      90      78      86      77      93      71      83
     100     100      90      98      89      80      75      83      84      88
      78      91      76      79      94      93      76      92      81      79
      92      88     106      79      83      93      85      91      90      74
      88      98      96      72      97      77      98      88      65      80
      69      95      59      83      86      86      92      80      89      85
      91      83      87      83      99      78      88      93      71      95
      81      89      80      94      96      85      84      90      89      81
      98      74      76      65      73      96      76      89     104      85
      78      80      84      84      70      70     100      84      71      85
      75      86      91      75      74      67      67      83      94      68
      91      81      71      72      73      68     101      61      88      71
      94      84      77      89      80      84      74      79      76      77
      87      64      83      74      85      89      88      85      93      77
      87      81      49      81      90      71      75      89      76      79
      66      91      80      69      90      99      90      79      61      76
      91      86      78      81      93      79      77      72      88     100
      90      85      72      68      74      84      84      75      88      87
      94      66      95      72      83      84      84      97      87      80
      73      68      95      88      69     100      93      87      86      91
      72      96      66      87      86      95      69      86      99      84
      89      88      87      79      77      97      91      86      90      88
      80      86      76      74      86      74      70      92      95      94
      95     104      84      99     113      83      95     103      96      90
      95      85     115      94      98      95     102     106      88     107
     117     108     113     115      98     106     117     115     135     117
     144     115     145     129     141     143     147     149     151     131
     137     163     210     188     185     176     213     207     193     188
     226     219     256     224     237     252     251     243     296     286
     319     257     319     325     349     355     342     396     360     386
     396     439     400     439     460     439     463     461     465     472
     505     495     481     534     461     499     523     476     499     478
     526     500     471     498     513     489     467     451     449     461
     412     437     454     425     434     430     398     365     376     334
     325     318     309     307     325     301     289     278     271     271
     246     236     271     246     223     228     163     181     205     195
     178     153     151     133     145     143     138     147     148     127
     110     117     109     115     119     112     151     139     118     125
     146     140     145     136     163     182     167     177     183     208
     197     225     262     251     251     256     277     314     303     332
     349     327     353     327     368     355     363     340     379     358
     348     316     353     304     280     308     332     327     251     237
     248     235     207     199     204     188     165     148     149     123
     110     114     101     106     102      77      83      98      80      81
      69      67      74      69      78      60      69   37027
