$Informacoes da Fluorescencia de Raios-X:
"Sample    : te_15768",                                                                   
"Operator  : ",                                                                           
"Comment  : micromatter te 47.9ug/cm2",                                                   
"Group     : kerr2007ab13liv300al",                                                       
"Date       : 2013-03-07 15:11:03",                                                       
"",                                                                                       
"Mesurement Condition",                                                                   
"------------------------------------------------------------------------------------",   
"Instrument : 700HS2   Atmosphere : Vac.   Collimator : 10(mm)   Spin : No",              
"------------------------------------------------------------------------------------",   
"Analyte               TG kV   uA      FI Acq.(keV)  Anal.(keV)  Time(sec)     DT(%)",    
"------------------------------------------------------------------------------------",   
"Na                    Rh 50  496-Auto Al  0 - 20    0.8 - 1.2   Live -  179   21",       
"Channel_info_start",                                                                     
"Channel : Na",                                                                           
"Points : 2048
"Range : 0.000000 - 20.480000",                                                           
"Step : 0.010000",                                                                        
"Channel_info_end",                                                                       
$DATA:
       0    2047
       0       0       0       0       0       0       0       0       0    2048
       0       0       0       0       0       0       0       0       0       0
       0       0       0       0       0       0       0       0       0       0
       0       0       0       0       0       0       0       0       0       2
      30      65      46      69      59      60      56      62      56      50
      60      63      68      61      67      61      59      65      67      49
      41      62      48      66      59      48      53      59      54      82
      68      47      69      62      60      53      38      51      53      68
      44      59      48      62      45      74      53      65      49      54
      80      69      72      56      51      75      61      59      50      58
      51      65      77      57      53      52      63      52      48      63
      56      54      47      53      59      57      60      57      58      60
      47      51      59      60      52      52      73      61      47      72
      63      50      48      66      63      73      45      81      71      42
      57      51      69      60      58      58      68      59      53      79
      56      66      59      61      72      76      62      77      62      68
      63      65      76      87      73      79      72      93      77      80
      69      76      68      60      60      78      69      81      82      74
      56      79      87      84      67      90      78      83      72      76
      73      71      79      78      78      81      88      87      99      85
     107     129     152     157     194     200     232     289     310     373
     346     338     339     316     317     255     250     214     182     155
     104     129     114     102     100     127     128     131     153     173
     167     163     161     224     204     212     227     250     201     234
     221     222     201     161     189     162     131     147     110     113
     114     108      94     105     100      89      88      75      85      98
      96     114      83      99     111     135      99     127     106     120
     127     133     124     120     103     103     105     103     102      84
      99      89      82      81      75      79      85      96      94     112
     100      96      99      90      90     106      91      96     104      75
      90      91      95     113     102      92     100      87      98     107
      93      93      95     110     105     111     111     104     142     122
     118     121     134     136     146     158     149     173     176     192
     193     279     321     402     488     575     612     730     797     979
    1001    1061    1114    1094    1031    1046     903     888     713     645
     526     473     388     359     333     346     311     282     313     328
     341     407     465     476     591     656     744     882     948    1206
    1377    1742    2066    2553    3389    4163    5211    6754    8395   10300
   11948   14108   15733   17709   18239   19217   19390   18877   17566   15856
   14571   12315   10269    8790    6499    5152    3856    3024    2420    2222
    2068    2341    2810    3460    4305    5245    6615    7695    8689   10397
   10771   11976   11995   12181   12160   12193   11079   10638    9673    8809
    7817    6916    6036    5250    4412    3873    3199    2756    2238    2111
    2111    1995    1971    2078    2206    2331    2490    2560    2766    2757
    2754    2618    2458    2304    1877    1789    1578    1253    1044     868
     743     616     557     481     516     500     575     574     754     863
     885    1125    1192    1321    1362    1413    1461    1516    1390    1338
    1273    1143     920     815     728     596     513     467     420     390
     427     436     516     599     621     673     756     855     894     918
    1032    1073     984     879     866     824     749     618     551     517
     432     334     313     255     295     203     180     177     149     138
     137     112     106     108      91      98      94      99     112      87
      87     104      91      98     103      91     113      91      92     105
     109     103      99     122     126     124     106     130     127     110
     112     123     124     134     147     152     125     150     116     149
     153     128     118     156     163     118     122     133     129     141
     124     131     136     138     115     121     139      93     120     130
     108     138     129     115     107     128     127     107     131     119
     140     100     122     140     131     127     111     118     108     106
     108     138     118     127     142     116     146     150     152     168
     156     125     186     155     163     134     184     151     182     185
     163     172     156     168     176     177     192     170     208     206
     177     192     193     192     197     188     183     185     184     176
     185     185     202     199     177     212     193     184     171     186
     189     205     189     213     218     230     206     205     222     192
     189     247     178     200     207     193     207     172     182     186
     171     161     188     162     178     190     149     190     185     166
     180     186     180     191     171     187     192     172     176     181
     209     183     208     183     193     192     183     175     200     199
     156     199     218     201     188     218     213     189     203     218
     201     202     217     228     214     212     234     199     203     216
     180     225     229     233     217     203     222     188     220     217
     231     206     247     230     198     221     239     223     208     224
     250     223     232     262     236     204     202     247     253     243
     270     235     244     240     221     242     235     253     244     253
     242     279     259     254     258     254     247     227     258     259
     253     255     262     243     245     250     254     231     237     222
     224     236     252     223     244     225     219     252     255     234
     235     203     227     229     242     252     245     256     243     248
     263     265     246     248     246     263     295     282     281     260
     272     297     313     313     309     283     285     289     272     324
     295     302     268     347     278     284     300     260     269     311
     289     251     262     251     238     249     233     247     255     227
     245     207     220     243     233     280     231     224     207     238
     223     242     220     237     208     223     225     231     229     251
     231     217     223     235     261     235     222     272     218     217
     233     269     267     266     264     270     308     309     314     291
     291     310     337     298     285     299     309     279     291     280
     252     272     285     246     266     248     230     266     235     233
     221     244     224     214     235     230     244     245     261     202
     254     253     258     238     244     222     239     237     254     234
     240     221     225     256     224     233     251     228     236     251
     208     216     218     219     225     229     250     237     227     237
     215     218     209     215     256     248     209     206     229     229
     214     227     238     242     246     202     208     270     215     215
     221     216     247     214     238     232     207     230     234     258
     214     216     255     234     242     236     238     219     229     209
     247     216     238     206     223     212     224     242     225     199
     221     228     191     229     212     235     190     239     247     230
     242     268     250     264     284     248     275     271     314     294
     320     298     394     333     325     327     324     328     353     339
     331     310     287     308     284     262     264     232     264     258
     217     219     214     219     228     230     223     230     197     223
     207     184     208     233     219     214     198     192     211     202
     220     207     202     223     201     208     189     209     176     217
     234     224     214     216     205     233     233     212     197     234
     223     217     222     225     201     207     200     209     225     246
     205     208     189     225     213     196     233     208     243     182
     193     185     220     227     207     219     218     216     205     191
     220     212     211     200     223     227     202     186     205     229
     208     191     214     213     227     230     238     215     215     223
     248     194     181     216     220     212     217     213     203     200
     204     203     206     216     236     251     215     229     206     203
     193     189     200     207     215     196     171     218     229     211
     163     212     215     199     188     193     219     218     208     218
     207     207     213     231     206     213     205     201     237     203
     205     190     214     189     190     211     223     200     193     208
     204     190     183     209     230     239     203     197     209     254
     225     232     223     253     251     256     284     261     244     233
     283     287     249     218     258     287     265     251     266     259
     239     242     254     238     219     231     234     214     202     233
     204     233     198     204     219     194     217     192     216     186
     183     193     186     192     201     176     221     227     191     206
     187     202     206     196     199     197     192     200     205     204
     196     189     184     187     165     218     176     183     175     169
     200     188     199     178     196     174     181     162     178     168
     177     200     180     229     181     174     186     197     223     198
     206     198     185     149     185     192     192     204     140     191
     203     166     193     227     167     181     173     188     171     175
     215     209     177     176     166     169     171     192     200     174
     180     189     174     160     166     192     198     160     176     177
     166     175     175     174     194     192     189     172     182     160
     181     189     182     167     171     171     173     198     178     212
     188     184     160     168     183     184     152     168     167     156
     163     174     173     161     162     200     196     180     176     157
     213     185     168     165     209     149     162     158     169     189
     166     175     172     168     161     173     167     158     180     180
     160     155     149     168     174     172     158     183     183     193
     151     162     170     152     145     158     177     180     170     183
     159     182     178     172     165     177     194     185     176     182
     161     137     151     178     178     151     167     146     174     176
     176     149     166     135     151     167     162     172     193     173
     169     181     145     153     146     185     155     170     165     149
     156     158     144     156     176     168     187     145     186     166
     174     160     142     165     126     168     147     139     128     155
     191     145     151     175     163     139     150     153     169     158
     159     172     183     156     159     154     172     140     152     152
     140     172     131     155     167     156     135     145     151     150
     152     156     158     146     128     142     140     150     155     159
     166     168     143     142     165     134     151     157     149     137
     177     139     129     153     142     158     144     151     145     144
     138     130     143     139     146     156     138     143     137     145
     145     134     140     152     129     144     143     151     136     138
     153     186     122     126     151     133     121     140     151     131
     131     125     151     150     142     133     158     167     119     153
     127     156     140     165     133     141     129     115     145     134
     175     116     136     139     128     122     140     149     106     131
     110     147     153     145     162     143     157     154     137     154
     144     151     135     131     136     140     137     136     147     114
     135     134     140     127     121     119     127     135     155     139
     131     138     150     125     139     142     137     129     137     131
     130     146     118     119     124     156     143     121     136     128
     130     130     124     125     134     139     160     119     147     159
     142     109     123     134     110     129     139     143     127     113
     118     135     135     114     124      98     107     109     108     127
     131     122     127     133     143     137     123     110     144     133
     123     106     127     131     138     109     127     150     127     123
     134     136     133     109     111     124     116     124     123     127
     143     120     130     138     119     143     128     114     115     133
     136     120      87     137     128     131     124     140     100     135
     128     130     134     129     133     120     140     128     118     122
     147     109     118     120     118     149     121     124     119     140
     140     122     133     144     126     135     141     134     115     129
     120     127     133     124     119     122     110     118     123     125
     104     115     125     107     104     116     120     126     115     150
     134     110     133     137     112     131     131     105     133     114
     128     123     131     143     116     134     126     121     112     107
     150     106     118     141     123     136     106     135     133     135
     118     134     129     133     112     111     133     124     115     134
     137     131     109     116     118     127     124     125     146     119
     130     126     146     139     129     124     118     134     121     130
     135     137     124     130     139     127     112     119     150     124
     138     127     155     128     145     142     130     157     156     138
     131     123     128     133     154     123     127     137     157     141
     149     145     155     158     146     138     152     142     147     157
     146     153     153     154     165     168     172     156     154     157
     181     172     170     187     184     151     199     188     191     174
     184     213     219     211     213     189     221     227     254     243
     231     243     236     259     276     271     298     332     310     321
     376     320     357     362     362     415     429     402     469     443
     494     463     488     519     504     543     570     560     580     606
     675     635     618     667     703     687     666     763     732     721
     773     720     789     761     798     764     789     762     770     717
     792     766     773     735     777     735     725     715     704     681
     747     678     661     637     622     531     626     582     547     525
     594     486     482     456     431     455     440     429     407     412
     370     373     370     351     306     314     298     276     235     251
     278     240     230     227     247     215     220     181     208     198
     181     167     217     171     213     155     199     187     199     215
     209     209     213     238     232     214     251     239     272     294
     298     328     308     333     343     357     412     422     450     381
     470     442     495     455     514     531     515     535     520     521
     499     514     477     497     445     411     481     448     435     409
     347     363     315     297     315     284     250     237     242     217
     176     184     175     147     136     147     146     120     134     111
     109     131     108     119     118     109     110  141881
