$Informacoes da Fluorescencia de Raios-X:
"Sample    : ti_15755p16lamfi",                                                           
"Operator  : ",                                                                           
"Comment  : micromatter_ti 44.8 ug/cm2",                                                  
"Group     : kerr2007ab13liv300al",                                                       
"Date       : 2013-03-07 12:18:57",                                                       
"",                                                                                       
"Mesurement Condition",                                                                   
"------------------------------------------------------------------------------------",   
"Instrument : 700HS2   Atmosphere : Vac.   Collimator : 10(mm)   Spin : No",              
"------------------------------------------------------------------------------------",   
"Analyte               TG kV   uA      FI Acq.(keV)  Anal.(keV)  Time(sec)     DT(%)",    
"------------------------------------------------------------------------------------",   
"Na                    Rh 50  378-Auto Al  0 - 20    0.8 - 1.2   Live -  179   19",       
"Channel_info_start",                                                                     
"Channel : Na",                                                                           
"Points : 2048
"Range : 0.000000 - 20.480000",                                                           
"Step : 0.010000",                                                                        
"Channel_info_end",                                                                       
$DATA:
       0    2047
       0       0       0       0       0       0       0       0       0    2048
       0       0       0       0       0       0       0       0       0       0
       0       0       0       0       0       0       0       0       0       0
       0       0       0       0       0       0       0       1       1       2
       8      21      20      18      25      15      17      28      19      34
      16      17      13      20      26      18      22      15      23      25
      24      19      24      19      17      25      29      27      24      21
      29      21      22      19      17      22      18      16      24      21
      21      32      17      21      14      23      23      23      22      32
      18      33      23      22      28      18      21      20      23      22
      15      24      28      19      17      19      15      21      33      25
      26      31      28      26      25      17      28      22      29      26
      21      25      17      33      21      28      34      24      21      33
      20      18      33      18      28      19      22      27      19      31
      31      25      31      22      24      20      32      27      25      22
      23      29      29      34      25      35      40      39      28      31
      36      26      28      19      33      26      21      33      24      21
      29      26      22      29      38      39      31      42      44      41
      39      42      42      42      31      57      41      40      50      35
      45      36      41      41      36      33      39      39      39      41
      36      57      55      53      50      75      90     103      85      95
      88      86      93      64      68      72      48      58      46      39
      38      24      43      35      29      29      41      28      23      36
      23      37      36      39      36      32      33      42      41      46
      33      40      23      42      42      29      29      33      32      45
      35      44      38      42      36      26      32      37      27      42
      32      36      44      41      41      31      35      44      46      44
      58      60      55      67     107      80     105     131     168     210
     261     304     337     383     392     393     400     378     342     291
     247     222     185     143     107     109      73      66      69      44
      41      55      29      50      31      31      40      53      39      60
      48      48      40      46      47      56      44      53      47      57
      50      54      64      82      66      78      70      89      96      83
      80      73      69      60      69      43      54      60      45      57
      46      49      53      48      58      59      52      69      44      63
      52      50      41      65      59      60      63      52      90      67
      73      79      94     115     125     159     169     223     262     371
     402     515     574     633     720     831     847     931     960     975
     871     828     767     655     563     456     421     362     291     241
     198     209     198     204     184     168     176     183     205     184
     176     206     201     202     215     228     261     216     210     268
     262     277     226     255     252     261     225     211     219     208
     195     205     190     205     181     203     199     187     190     199
     200     220     209     270     230     289     280     339     342     401
     463     570     802    1094    1344    2094    2938    4242    5693    8253
   10971   14349   18086   22721   28003   32065   35733   39709   43858   44391
   43732   43046   41125   37838   33071   29324   24295   20079   15498   11892
    9014    6644    4482    3340    2139    1467     996     672     485     365
     273     277     277     283     329     345     440     521     649     824
    1060    1439    1739    2191    2555    3199    3564    4104    4657    5215
    5219    5377    5564    5436    5112    5032    4387    3884    3257    2710
    2317    1750    1436    1064     722     569     415     340     220     160
     114      95      83      84      50      84      66      57      61      61
      63      59      56      64      58      64      61      47      59      60
      58      57      65      78      68      68      82      89      83      80
      96      80      60      79      80      62      62      81      76      67
      53      83      45      66      78      59      84      56      61      73
      67      92      67      84      83      72      69      66      72      86
      69      60      85      88      59      85      86      85      79      80
      61      86      70      86      85      75      78      80     105     102
      87      86      86      79      97      96      81      93      82      90
     102     104      89      99     100      93      96      89      99     105
     103     106     114     102      99     116     106      94      98     100
     126     100     108     100     127     127     117     127     124     128
     109     129     133     150     143     162     130     153     134     145
     155     142     174     136     158     122     155     116     124     130
     124     121     115     158     144     131     120     118     124     126
     114     114     124     121     106     111     121     116     119     107
     128     155     116     130     128     105     111     134     123     100
     113     121     108     115     116     134     108     129     131     104
     101     122     110     122     122     126     130     143      99      98
     105     123     118     131     131     125     129     126     111     125
     131     108     137     121     103     128     109     111     121     110
      90     123     116     124     117     120     133     107     101     108
     129     114     116     118      96     119     139     109     110     124
     131     115     129     123     128     118     128     136     111     122
     104     122     123     116     127     104     133     123     116     108
     116      98     113     115     130     126     120     130     142     142
     108     118     128     121     144     121     150     147     111     126
     120     125     137     130     119     143     131     143     142     131
     139     128     157     157     138     148     185     190     165     155
     163     185     170     174     181     134     149     156     146     150
     150     126     171     169     127     140     155     149     142     141
     163     135     123     146     141     149     143     156     150     123
     129     159     140     140     142     145     140     128     168     170
     149     142     157     135     150     174     165     159     150     155
     133     150     169     188     153     196     179     182     197     198
     208     197     183     218     214     207     168     185     168     163
     164     168     125     168     124     131     124     141     141     130
     133     159     136     151     157     125     160     143     140     155
     149     169     154     189     167     197     203     188     201     182
     216     201     212     194     187     186     186     164     175     188
     163     153     160     160     133     153     123     150     127     131
     137     131     128     133     144     141     130     136     131     150
     138     126     124     127     146     147     144     119     145     154
     130     156     129     142     178     140     150     145     126     159
     136     142     133     135     129     141     135     143     144     149
     149     139     120     147     160     144     142     135     162     123
     135      97     124     109     141     139     113     126     129     129
     136     123     127     138     129     133     137     110     121     133
     122     130     149     127     113     104     117     124     133     144
     122     143     136     133     128     130     121     114     123     110
     105     125     149     109     137     119     134     120      95     133
     134     135     141     107     125     121      88     119     116     117
     129     123     121     133     109     124     124     124     131     117
     134     120     134     129     144     116     160     115     115     124
     122     128     130     109      99     128     102     121     110     120
     113     124     124     126     141     139     129     133     134     123
     133     137     126     122     138     135     123     120      97     116
     136     126     122     107     154     138     116     118     119     128
     123     123     118     127     153     110     115     129     126     125
     120     119     137     124     143     120     127     123     139     124
     126     135     145     129     122     123     175     118     133     130
     138     129     127     139     140     140     136     117     135     105
     116     141     139     124     142     106     138     146     133     118
     121     118     136     120     128     121     129     102     118     127
     123     115     107     124      97     121     110     127     120     114
     136     143     117     117     109     111     140     123     115     124
     108     123     103     117     134     120     129     117     135     128
     116     125     116     124     143     106     111     126     127     101
     127      92     110     113     120     124     145      94     105     108
     138     113     120     116     117     120     100      94     129      92
     109     120      97     138      87     104     128     122     108     115
     110     100     119     117     117     119     105      97     111     109
      86     123      95     106     106     104     128     119     111     121
     101     127     109     100     102     109     105     108     123     106
     109     109     111     119     125     116      99     107     107     113
     128      93     104     104     103     110     102     115     100     125
     116     117     122      97     113     107     120     120     123     103
     111     120      98     119     111     100     102      96     120     107
     109     108     120     103     111     111     107     110     103     102
     120      87      99     120      98     111     105     100      88     105
     111     110     116     109     114      95     104      90      99      97
     105     120     105     101     123     116     108     113     101      78
     113      80     109     116     110      95     100     111     115      88
      95     118     111      99     111     104      99     106     106      99
      92     109      79     107     124     115     106     103     109      97
      96      89     121     131     101      86      92      87     117      97
      87     101     103      95      99      86     120     118      98     110
      96     118     111     114     116     108      97      98     117     107
     103      93      84      93     103      93     100      90      84      87
      98     114      94     108      94     102     106      82     106     124
     102      77      94      96     100     110      99     109      99      93
     104      97      90     103      96      94      89      79     101      94
      89      93     109      88      88     115      96     100      94     100
     103      83      97     101      75      95     122      73      82      99
     118      97      96      92      94      89      96      82     108     109
      86      94     104      82      87      99      80      88      98      78
     110      89      98      89     102      89      98      98      95      86
     104     102     107      86      93      84      93     103      97     110
      83      81      82      97     107     105     109      80      93      90
      96      69     104     107     107      92     100      94      86      95
      87      86      86      97      83      84      85      87      77     105
      95      96      95      93     102      80     118      88     106      93
      78      80      86      87      82      72      89     106      87      73
      90      99      87     108     102     100      65      79      90      92
      73      80     105      85      97      77      88      88      95     100
      86      87      84      81     100      84      81      90      84     113
      96      86      61     103      80      74      95      78      75      70
      78      75      87      90      96      92      87     103     102      78
      89      78      79      93      78      87      90      79      88      87
      87      86      85      65     100      87      78      76      87      94
      80      78      83      79      80     114     100      85      74      99
      83      85      72     100      86      73      77      80     104      89
      86      76      92      88      89      81      90      82      98      81
      84      82      85      64      75      75     100      70      81      74
      81     108      81      78      87      97      99      70      84      73
      92      74      79      78      99     102      90      84      75      78
      77      94      73      80      93      90      81      88      81      76
      67      72      78      84      65      80      77      82      82      75
      83      73      93      69      93      86      87      75      95      84
      82      70      85      72      79     114      54      90      82      83
      88      87      95      90      93      85      98      85      86      87
      73      65      80      75      98      69      74      72      68      83
      69      85      80      79      74      75      68      81      97      76
      99      85      66      87      81      83      78      84      74      85
      75      76      99      96      83      85     103      79      84      55
      67      80      86      57      74      81      83      64      76      78
      77      80      78      94      78      83      94      78      85      70
      72      95      60      72      97      79     101      81     104      75
      76      81     102      67      83      66      90      89      95      87
      83     100      92      97     103      79      78      86      76      85
      86      92      92      99      74      95      96     101     104      74
      97      99      81      81     117      92      93      92      93      93
     116      90      93     106     106     101     107     114      99      79
     111     102     104      86     102     107     102      95     109     130
     117     105     129     124     108     120     108     146     105     129
     125     123     139     137     143     146     151     153     163     145
     178     201     192     168     181     189     192     209     202     215
     252     239     244     257     267     268     259     288     346     313
     337     377     363     334     375     355     432     409     444     447
     502     448     429     475     519     550     493     534     536     567
     522     488     552     519     560     533     601     562     634     509
     601     521     595     536     557     537     496     539     549     522
     514     458     499     441     472     425     416     424     382     411
     416     401     328     324     349     310     306     248     291     291
     283     228     256     238     204     232     214     205     197     195
     185     172     154     165     154     148     142     142     147     146
     113     101     125     138     109     127     130     127      99     110
     140     119     121     130     161     162     155     142     176     155
     159     186     192     203     219     200     210     261     239     214
     269     237     271     250     249     240     267     243     271     244
     237     247     231     248     183     183     221     222     197     180
     180     151     145     153     146     115     131     129     123      94
      94      75      99      84      78      68      90      74      73      63
      75      68      56      65      74      70      79   38483
