$Informacoes da Fluorescencia de Raios-X:
"Sample    : tmf3_34709_16p",                                                             
"Operator  : ",                                                                           
"Comment  : cubatao-g-policarbonato",                                                     
"Group     : kerr2007ab13liv300al",                                                       
"Date       : 2013-03-06 21:27:23",                                                       
"",                                                                                       
"Mesurement Condition",                                                                   
"------------------------------------------------------------------------------------",   
"Instrument : 700HS2   Atmosphere : Vac.   Collimator : 10(mm)   Spin : No",              
"------------------------------------------------------------------------------------",   
"Analyte               TG kV   uA      FI Acq.(keV)  Anal.(keV)  Time(sec)     DT(%)",    
"------------------------------------------------------------------------------------",   
"Na                    Rh 50  334-Auto Al  0 - 20    0.8 - 1.2   Live -  179   21",       
"Channel_info_start",                                                                     
"Channel : Na",                                                                           
"Points : 2048
"Range : 0.000000 - 20.480000",                                                           
"Step : 0.010000",                                                                        
"Channel_info_end",                                                                       
$DATA:
       0    2047
       0       0       0       0       0       0       0       0       0    2048
       0       0       0       0       0       0       0       0       0       0
       0       0       0       0       0       0       0       0       0       0
       0       0       0       0       0       0       0       0       0       3
      14      28      21      21      27      29      22      29      28      33
      22      28      22      33      32      22      29      28      23      24
      34      19      22      21      21      31      20      26      21      20
      28      18      31      20      20      35      28      28      19      21
      28      31      29      26      22      30      28      31      26      36
      19      26      22      19      13      22      28      23      28      27
      23      23      16      42      26      26      23      29      28      35
      29      32      33      47      66      64      59     103     132     151
     183     220     235     234     215     225     226     168     170     159
     128     114      79      67      78      68      77      75      87      69
      70      84      93     103     123     155     216     304     429     612
     824    1029    1364    1802    2022    2424    2623    2699    2925    2931
    2785    2621    2366    2092    1719    1380    1106     867     592     473
     346     273     213     207     170     208     227     249     267     261
     269     224     215     212     190     181     141     127     113      98
      87      98      83      96     112     106      92     134     111     152
     136     144     159     161     125     169     155     145     133     153
     130     141      97     116      86      79      82      67      59      42
      45      28      36      32      26      34      33      33      26      28
      23      27      19      33      34      31      28      22      23      36
      36      31      27      22      31      22      24      23      15      34
      17      27      24      18      27      24      19      15      19      22
      17      20      24      21      24      24      19      23      22      29
      29      29      20      19      31      27      26      23      31      26
      31      30      30      24      22      21      22      23      26      32
      24      28      27      31      38      26      28      30      30      22
      29      35      32      26      34      24      24      16      20      29
      24      23      29      32      19      21      16      28      15      24
      19      22      20      23      21      22      33      24      30      36
      22      26      27      24      28      18      33      22      30      27
      27      17      31      36      31      24      34      27      20      45
      30      26      35      32      21      27      36      35      35      40
      43      46      73      86      89     112     171     219     293     350
     472     553     671     862     929    1072    1108    1189    1126    1235
    1115     998     887     774     641     567     439     352     268     199
     157     127     118      87      75      72      78      67      79      85
     108     111      94     123     134     148     146     157     169     202
     185     178     172     158     179     129     137     120      93      92
      82      72      76      63      54      62      52      42      51      55
      54      50      45      48      51      53      44      48      56      40
      55      62      49      55      68      66      66      64      53      68
      64      68      70      62      81      86      75      86      84      72
      87      87      67      92      75      93      81      97      73      75
      93      87      71      92      78      84      76      89      88     101
      93      67      80      63      73      51      80      78      76      66
      87      68      82      92      75      72      86      78      73      63
      50      69      73      70      71      57      75      66      68      77
      71      71      69      65      83      66      66      67      72      72
      70      86      67      79      61      72      77      84      77      76
      72      72      67      73      64      95      85      82      90      94
      98     115     110      96     128     119     102     108     118     154
     149     167     146     146     136     130     119     119     103      87
     104     125     106      81      94      97      82      98     115     105
      75      88      72     117      96     101      98     108      86      89
     100     117      98      95      85      92     114     102     106      96
      88     112     108     110      86      98     115     121     130     111
     105     121     104     121     118     113     109     129     116     126
     130     148     150     109     125     128     117     136     128     145
     143     141     175     165     162     198     199     217     243     271
     323     394     408     558     565     701     732     839     903     994
     969    1060    1065    1118    1111    1054    1021     996     812     853
     715     632     559     452     427     394     302     292     252     248
     228     212     201     215     212     193     202     182     170     191
     186     180     178     179     184     170     192     197     212     193
     225     210     193     219     210     204     219     251     198     224
     229     242     214     223     203     257     223     240     274     265
     298     311     355     425     479     540     691     893    1177    1447
    1967    2530    3240    4261    5250    6486    7485    9269   10840   12618
   13974   16082   16647   18258   18684   19287   20019   19693   18452   18503
   16650   15735   13949   12146   10940    9193    7507    6380    5210    4201
    3282    2652    2148    1679    1206    1065     833     679     539     419
     414     355     319     330     306     274     244     240     215     207
     205     220     200     228     204     203     188     201     221     209
     183     212     196     185     256     207     208     218     252     238
     233     229     212     221     244     228     231     251     240     257
     279     311     290     351     395     428     507     679     797     933
    1180    1445    1792    2242    2588    3190    3791    4596    5084    6050
    7020    7693    8345    9292   10028   10604   10738   11273   11613   11899
   10995   11106   10758    9948    9142    8710    7848    7175    6394    5734
    5303    4725    4034    3716    3313    2931    2585    2359    2127    1955
    1841    1859    1898    1821    1960    2039    2158    2299    2525    2795
    2980    3181    3267    3357    3516    3401    3375    3312    3145    2989
    2789    2444    2336    2186    1905    1603    1535    1307     993     944
     833     731     656     558     539     461     376     369     381     326
     274     260     273     258     233     201     204     214     165     150
     169     183     169     180     177     188     167     148     158     172
     193     159     171     121     169     153     172     174     179     174
     172     185     197     187     184     204     199     243     204     215
     217     237     235     250     257     246     283     268     270     307
     322     306     342     394     403     474     521     558     740     827
     866    1051    1043    1322    1419    1513    1610    1792    1722    1864
    1896    1875    1755    1785    1786    1688    1530    1402    1389    1264
    1053     994     880     780     613     605     565     496     448     476
     478     482     505     549     564     625     571     657     641     793
     765     789     769     809     812     861     806     780     710     670
     682     604     591     548     506     467     402     382     331     342
     284     287     269     242     224     227     230     216     247     217
     219     243     236     228     245     226     219     220     238     238
     216     199     228     204     221     178     211     180     180     177
     151     174     127     132     158     151     133     154     144     149
     129     130     134     138     121     162     134     127     127     119
     136     119     134     133     127     115     122     155     155     123
     130     123     133     129     125     133     145     121     114     117
     136     135     142     160     132     141     129     146     136     143
     134     149     148     129     145     122     158     143     122     148
     143     131     171     143     136     121     134     137     159     141
     147     149     157     133     137     144     130     137     159     141
     151     138     127     150     135     127     145     135     132     128
     149     125     135     141     127     136     133     147     144     125
     148     141     126     114     145     141     127     146     117     118
     134     128     115     142     138     133     160     142     129     130
     128     131     143     125     133     146     113     116     135     128
     135     141     120     142     125     120     132     111     112     139
     139     139     126     160     134     141     118     150     112     119
     118     130     123     120     117     114     149     132     137     127
     127     142     122     123     131     115     120     142     106     138
     105     115     123     119     125     130     148     152      92     142
     117     167     114     116     103     126     128     118     147     106
     119     114     119     110     118     128     125     129     115     116
     116     137     121     126     129     119     123     125     128     128
     127     126     125     119     130     133     131     136     105     110
     111     129     106     105     122     115     123     116     105     118
     111     104     137     121     112     106     132     123      96     116
     122     132     118     113     128     108     136     117     117     121
     128     113     110     108     106     131     133     131     122     101
     125     126     118     108     109     142     115     120     105     117
     115     119     112     147     111     115     111     113      96     106
      97     128     105     119     118     113      98     104     122      96
     113     118     121     122     123     111     137     135     101     113
     112     119     101     108     127     122     108     118     121     118
     110     132     113     123     111     111     117     110     101     118
     102     125     108     111     114     123     110      94     101      99
      97     127     118     125     112     122     121      96     104     112
     128     115     110     106     120     108     105     108     104      96
     113     109     115     109     113     106     113     125     122     110
      97     128     103     100     120     109     110     116     120      76
     116     103      96     113     103     108      94      95     115     101
     109     112     106     120     104     133      85     121      97     113
      98      94     108      97     103     129     106      98     111     103
     102     114     111     109     111     123     117     119     123     117
     115     120     133     111     119     108     117     133     131     110
     122     129     119     117     127     125     109      90     134     134
     113     105     122     113     104     126     119      95     108      98
     125     102      97      82     116      95      99      71      90     104
     106      85      98     109     115      86      77     104     103     105
     129      94      78      94     103     104      90      96     106      96
     113      85     109      92      87      89      99     100      97      97
      96      78     109      85     111      94      77      97     101     110
     102     112     118      88     103     113     104      94     108     131
     122     127     110     116     115     115     117     105     127      93
     114      95     101     106     113     106     132     110     102     108
     118     105      81      98     114      86     106     102     101      94
     100      88     108      99      96      97     102      97     102      76
     112      86     102     123     104      94      92      82     102      87
      90      96      95     100     103      90      94     100      84      99
      94      99     101      94      82      81      90      98     104      86
      87      71     108      75      76      85      84      81      88      90
      78      94      84      89      79      98      95     100     103     103
     101      89      92      82      88      97      87     105     110      98
      93      98     110      96     100      82      92      94      96      99
      83      83      97      89      85     104      96      84      82      77
      99      85     112      86      92      80      71      84      84      83
      88      78      75      99     104     100     102      78      69      72
      81      87     117      77     102      81      83      98      85      90
      98     102      86      94      77      77      97      84     104      92
      68      81      73      72      69      80      73      78      80      86
      83      92      99     100     101      96     104      75      88      69
      88      79      67      88      92      80      81      93      81      92
      81      73      81      85     106      75      82      87      73      89
      87      78      83     102      88      82      79      83      97      86
      79      66      69      80      92      82      82      84      76      86
      86      77      85      80      85      68      72      81      81     100
      89      96      97      93      73      67      80      83      99      87
      99      84      68      76      81      72      87      94      96      83
      85      81      79      85      75     103      86      94      73      81
      93      72      82      89      79      94      75      83      98      84
      79      78      95      82      92      50      89      92      80      75
      75      90      71      72      85      79      84      89      92      80
      81      84      94      81      75      65      83     106      88      85
      95      86      81      97      82      90      80      78      84      93
      96      97     106      70      97      85      99     112      72      92
     109     101     105     110      92      78      94     104      99      97
     106     106     101     102      98     105     136     131     141     113
     131     114     125     118     146     127     151     137     150     146
     158     160     168     153     161     157     190     181     183     196
     216     211     228     254     233     242     252     226     287     332
     339     310     344     319     332     348     365     392     349     325
     402     448     393     439     428     466     476     477     484     472
     434     476     480     549     500     454     512     434     476     430
     536     467     493     496     538     465     463     434     442     472
     409     364     435     408     365     407     419     375     372     323
     339     353     340     298     313     274     267     258     265     265
     218     215     208     202     179     208     183     167     185     175
     190     191     153     139     161     163     123     142     158     120
     132     125     112     134     113     121     115     115     117     128
     136     138     121     132     165     162     169     181     179     229
     196     223     224     253     251     236     292     289     300     285
     316     329     334     332     345     384     373     349     374     332
     352     353     393     361     331     323     334     294     301     261
     252     243     237     205     221     198     186     168     176     118
     127     123     160     113      98     104      88      92      80      82
      64      60      81      56      70      81      64   37474
