$Informacoes da Fluorescencia de Raios-X:
"Sample    : v_34672_16p",                                                                
"Operator  : ",                                                                           
"Comment  : micromater v 55.2ug/cm2",                                                     
"Group     : kerr2007ab13liv300al",                                                       
"Date       : 2013-03-06 17:52:43",                                                       
"",                                                                                       
"Mesurement Condition",                                                                   
"------------------------------------------------------------------------------------",   
"Instrument : 700HS2   Atmosphere : Vac.   Collimator : 10(mm)   Spin : No",              
"------------------------------------------------------------------------------------",   
"Analyte               TG kV   uA      FI Acq.(keV)  Anal.(keV)  Time(sec)     DT(%)",    
"------------------------------------------------------------------------------------",   
"Na                    Rh 50  296-Auto Al  0 - 20    0.8 - 1.2   Live -  179   20",       
"Channel_info_start",                                                                     
"Channel : Na",                                                                           
"Points : 2048
"Range : 0.000000 - 20.480000",                                                           
"Step : 0.010000",                                                                        
"Channel_info_end",                                                                       
$DATA:
       0    2047
       0       0       0       0       0       0       0       0       0    2048
       0       0       0       0       0       0       0       0       0       0
       0       0       0       0       0       0       0       0       0       0
       0       0       0       0       0       0       0       0       0       1
      14      20      18      20      18      25      14      12      15      15
      14      19      18      17      26      24      16      17      21      15
      16      21      10      10      21      18      20      25      15      25
      24      20      14      14      17      21      21      22      15      18
      18      16      15      15      18      15      14      12      13      16
      11      20      13      14      18      17      17      22      29      16
      17      24      19      25      19      14      19      20      14      16
      20      22      22      24      12      21      27      21      26      25
      19      19      24      21      21      21       6      24      12      18
      20      14      21      15      22      26      26      24      15      24
      33      13      24      15      15      26      24      19      17      30
      32      28      32      29      19      24      34      27      35      49
      43      32      35      29      32      21      24      22      22      17
      27      20      21      31      18      32      22      30      18      29
      26      27      28      24      25      34      28      35      29      36
      28      32      30      26      30      21      20      28      44      31
      46      53      50      62      71      83      79     116     108     116
     105     114      94      87      83      61      62      48      33      42
      43      35      36      32      31      25      22      30      20      36
      15      33      25      29      24      21      19      27      21      27
      21      28      22      30      14      27      28      16      28      18
      24      26      24      20      25      27      32      27      26      20
      24      17      25      26      20      25      18      13      27      20
      20      25      21      35      37      30      28      32      37      35
      35      31      33      33      34      32      22      24      35      42
      32      34      41      36      37      37      31      32      30      40
      33      40      29      47      30      28      42      40      31      45
      37      46      33      42      48      47      61      67      64      82
      99     144     168     202     240     284     291     298     323     401
     341     313     298     254     233     216     192     128     111      93
      73      64      46      60      53      50      57      38      36      43
      43      59      57      28      47      60      48      57      51      57
      64      64      69     104     110     149     180     242     298     416
     496     594     718     802     963    1115    1102    1267    1266    1178
    1102     992    1001     830     664     569     425     318     255     204
     209     153     131     126     106      88      91      92      93     119
     110     118     106     133     147     183     192     214     203     247
     214     246     214     245     202     183     174     158     141     120
     116     115     136     103     124     122     125     130     110     111
     121     126     135     126     130     106     133     129     143     139
     141     140     133     134     150     154     138     137     151     129
     146     131     152     145     150     164     143     171     153     147
     164     141     173     157     172     197     213     198     176     196
     204     205     245     209     229     252     245     278     285     279
     321     331     382     477     566     686     849    1284    1739    2434
    3727    5060    7053    9519   12776   16439   20361   25669   30145   35207
   38397   42144   45979   47803   46716   46742   44762   41381   36248   31984
   27910   22850   18233   14362   11161    8208    5881    4062    3017    2050
    1364     907     623     446     340     262     205     209     200     216
     219     223     250     308     370     444     560     678     927    1146
    1531    1844    2321    2823    3235    3785    4244    4858    5127    5568
    5937    6203    5850    5915    5507    5069    4498    3852    3447    2840
    2347    1855    1460    1103     831     566     469     307     240     192
     124      88      82      69      67      62      57      63      64      52
      58      57      87      59      61      64      44      55      60      56
      72      58      61      56      79      74      62      84      71      84
      63      74      71      66      74      69      68      68      72      68
      71      51      62      66      74      71      74      66      83      81
      82      76      90      83      77      87      71      79      88      93
      83     105      87     108      92     100     124     111     129     156
     141     172     200     193     206     255     222     240     235     274
     209     235     201     187     193     202     139     167     160     147
     143     129     128     123     122     106     108     116      94     100
      91      95      85      77     112     112      90      65      88      78
     105      80      93      97     100     108     104      92      91      96
      80     103      83     110     107     109     102     108      85     104
     104      97      99     122      85     114     100     100      96     107
     121     133     124     115     116     121     115     133     104     113
     122     123     115     112     110     103     126     114     112     115
     112      92     102      92     127     122     107      95     109     107
     112     102     100     112      89     112     109     118     109     111
     135     122      87     124      98     106     102     114     110     116
     105      98     110     106      80      99     105      97      85     129
      93      94      96      80     122     111      75     114      85      90
      82     103     105      98      91      98      93      92     107      85
     114     113      83      91      76     122     110     107      90     112
     110     110     109     142     119     111     140     126     126     151
     131     135     140     150     110     133     157     145     123     120
     112     119     110     106     115     123      95     105     122     109
     106     134     111     125     119     112     100     124     118     121
     118     124      98     102     107     109     103     111     122     121
     119     133     104     108     124     116     102     128     119     127
     114     133     151     147     122     152     154     160     157     141
     175     190     154     156     165     150     168     146     156     143
     124     119     130     115     108      97     115     120      94     103
     109      89      96     106     103      96      95      99     128      90
     102     114     121     108     109     113     121     103      93     115
     103      98     104     105     100     109     104     104      87      90
     111     103     112      84     104     110     111      94     109      96
     116     123     102     112     105      98      98     115      98     115
      99     119     109     119     116     105     126     100     100     103
      97      89      97     105     105     112      96     126     105     107
     122     103     114     115     106     103     108     119     125     115
     103     115     126     108     144     118     104     104     100     107
     104     112     119     119     120     151     114     138     130     147
     160     160     177     184     174     154     184     182     173     196
     205     184     206     201     177     183     155     135     177     125
     146     147     109     116     111     136     100     102     120      94
     102      89     107     115     100      87      84      93     108     106
     108     111      95     116     111     105     103     111     115     118
     106      95     127     120     113     115     119     104     114     103
     129     124     122     103     115     106     106     116      96     119
      91      97     119     105     109      90     106      98     109     103
      99      92      99     116     115      91      91      95      94      98
     102      99      92     105      96      97      90      92     106      97
     107     100     105     112     119      91      98     100     106     100
     107     102      98     106     102     107      93      96      92      95
     103     115      85     108     106     100     103      85     103      99
      94     103     115     107      76     102     114     107     103     103
     110     116     108      97      84     120     104     105      93     124
     115      98     105     100     108      96      89      96     102     102
      89      82      84      93     102     104     102      92      95      83
      79     102      99     110     103      80      92      97      97      85
     116     110     109     112      95      92      90     105      98     109
      87     103      85      96      85      96      96      98      98      85
     106      85      77     105      98      94     103     109      98      92
     106      83      98      96      91     108      85      88     108      98
      99     110      98      96      93      84      78      98      95     120
      75      95     104      98     107      93     104      98      87      88
      91      90      81      82      71      96      95      73      78      91
     100      91      96     100      89     106      88      88      94      96
     100      84      97      88     105      82     104      95      78     111
      78      73      96      88      88      83      74      85      81      77
      95      90      83      87      98      99      92     102      84      80
      85      79      87      92      79      87      97      87      95     102
     114      90      94      79      93      84      98      84      89      99
      83      72      88      84      76      89      94      80      71      80
      90      78      83      77      99      99      92      90     100      92
      93      74      85      83      87      66      74     103      72      78
      92      74      91      80      84     103      92      89      88      79
      95      74      78     100      82      76      88      97      67      76
      80      87      73      94      91      80      93      84      97      93
      78      90      93      87      77      75     100     100      94      99
      85      99      95      98      94      63     109      66      85      81
      72      84      76      94      82      78      94      81      89      82
      82      81      72      83      93      89      76      76      87      88
      80      74      73      87      71      95      64      87      75      81
      88      77      92      80      77      73      80      81      97      92
      66      85      69      89      73      91      88     106      65      84
      81      95      72      83      75      72      88      81      67      77
      91      71      76      97      84      81      84      83      82      73
      63      69      75      79      67      73      69     102      76      76
      89      85      96      74      75      68      82      63      77      91
      64      74      64      89      85      82      73      79      67      81
      74      66      84      69      68      85      80      77      79      67
      78      82      77      77      82      93      84      69      69      69
      78      73      82      67      66      91      79      74      73      73
      73      69      64      79      71      75      66      67      68      67
      85      76      84      81      74      64      74      84      85      59
      63      69      73      75      83      95      73      55      72      77
      87      66      75      90      75      85      75      62      74      57
      84      64      92      76      77      65      88      83      85      73
      63      69      64      96      59      78      76      76      58      67
      77      67      66      84      84      77      59      68      78      85
      57      69      62      76      57      73      69      67      73      78
      68      78      65      68      71      73      74      69      80      60
      72      80      74      67      84      79      68      62      77      65
      79      74      73      74      77      58      77      68      83      68
      59      75      74      66      55      82      72      84      72      57
      65      74      78      74      72      93      53      62      55      62
      74      66      73      69      80      50      81      62      73      57
      74      76      64      61      73      61      68      53      76      67
      56      64      80      51      89      82      69      68      69      67
      72      63      60      62      69      59      56      69      65      72
      56      64      77      74      64      66      82      77      65      59
      64      72      58      72      67      65      69      59      63      58
      76      65      73      73      52      67      75      73      52      68
      68      62      62      69      72      76      62      62      66      74
      65      59      69      59      58      61      62      55      68      79
      62      55      65      57      64      58      58      60      67      68
      62      65      85      75      61      81      69      52      64      71
      60      75      67      68      63      71      67      62      68      55
      62      63      75      60      68      63      69      64      76      79
      80      66      66      61      75      60      65      69      68      65
      43      75      72      58      66      59      79      65      68      59
      65      60      56      67      58      68      78      47      88      74
      77      57      66      74      60      65      74      89      67      76
      59      72      68      82      60      58      85      63      77      49
      66      66      76      78      61      80      76      73      69      65
      74      83      59      67      77      65      64      78      79      88
      68      79      74      85      84      79      89      65      78      78
     103      68      98      89      95      93      92      89     107      67
      93      82      89      96     103      97     119     116     114      88
     111      98      93     106     118     133     128      99     138     114
     140     127     146     150     147     201     170     172     201     157
     211     183     193     216     213     216     216     217     267     250
     250     281     271     287     343     290     315     329     336     333
     357     365     363     362     401     392     400     432     483     417
     421     468     437     445     426     447     463     466     452     431
     475     455     451     438     423     466     405     392     445     447
     394     377     419     357     368     332     364     335     342     324
     296     354     306     284     304     287     247     244     244     213
     234     233     196     188     152     206     166     142     169     167
     147     149     142     141     147     111     124     121     109     119
      95     107     104     124      90      81      90      96      88     113
     111      93     116      97     113      98     107     154     144     129
     155     131     174     151     186     157     190     206     196     198
     217     208     206     221     209     231     249     209     239     213
     214     214     217     213     196     155     185     165     176     170
     174     130     144     137     120     129     114      78      90      84
      72      79      85      67      72      76      74      73      46      64
      62      59      66      62      65      60      60   31220
