$Informacoes da Fluorescencia de Raios-X:
"Sample    : yf3_34689_16p",                                                              
"Operator  : ",                                                                           
"Comment  : micromater yf3 49.5ug/cm2",                                                   
"Group     : kerr2007ab13liv300al",                                                       
"Date       : 2013-03-06 19:49:32",                                                       
"",                                                                                       
"Mesurement Condition",                                                                   
"------------------------------------------------------------------------------------",   
"Instrument : 700HS2   Atmosphere : Vac.   Collimator : 10(mm)   Spin : No",              
"------------------------------------------------------------------------------------",   
"Analyte               TG kV   uA      FI Acq.(keV)  Anal.(keV)  Time(sec)     DT(%)",    
"------------------------------------------------------------------------------------",   
"Na                    Rh 50  296-Auto Al  0 - 20    0.8 - 1.2   Live -  179   19",       
"Channel_info_start",                                                                     
"Channel : Na",                                                                           
"Points : 2048
"Range : 0.000000 - 20.480000",                                                           
"Step : 0.010000",                                                                        
"Channel_info_end",                                                                       
$DATA:
       0    2047
       0       0       0       0       0       0       0       0       0    2048
       0       0       0       0       0       0       0       0       0       0
       0       0       0       0       0       0       0       0       0       0
       0       0       0       0       0       0       0       0       0       3
      16      38      28      35      40      45      48      38      56      47
      40      43      42      51      40      35      39      28      44      40
      53      43      39      60      38      38      61      42      53      53
      38      58      59      58      53      53      59      44      47      51
      50      57      53      43      49      36      54      64      39      42
      60      59      50      52      46      39      47      38      29      46
      49      44      45      52      43      34      50      40      40      21
      45      36      38      34      48      35      36      35      39      39
      47      39      35      48      40      57      58      55      40      64
      53      54      37      37      49      39      33      35      35      39
      39      49      32      36      45      54      55      62      51      56
      76      59      75      70      94     116     134     157     210     241
     300     362     353     374     373     369     349     333     281     301
     305     266     226     220     249     252     240     253     251     249
     278     308     275     316     265     291     272     279     273     298
     327     391     474     567     722     956    1116    1347    1621    1860
    1994    2229    2254    2384    2122    2180    2010    1931    1822    1669
    1486    1330    1163    1059     926     774     640     523     397     352
     287     241     227     176     139     103      93      94      66      63
      51      46      42      55      42      36      36      38      31      43
      49      53      45      53      47      48      43      35      52      35
      47      30      24      26      26      25      20      25      21      30
      18      12      16      25      25      31      23      20      25      24
      22      23      15      17      21      28      25      28      27      17
      22      31      28      20      21      36      27      13      23      28
      21      23      19      31      23      29      21      30      23      19
      23      22      18      21      17      12      24      25      23      23
      17      26      26      21      20      22      24      37      19      26
      15      23      20      25      29      13      21      29      23      32
      18      19      31      17      19      26      17      28      22      22
      16      18      28      21      28      27      19      22      29      20
      22      28      22      28      25      31      27      20      34      30
      32      44      61      65      82     120     165     211     257     328
     386     548     633     757     863     958    1070    1135    1139    1034
     994     996     816     739     615     521     414     306     251     148
     141      92      98      85      65      66      65      58      66      78
      78      86      84      86     110     129     133     145     159     170
     178     171     155     153     118     138     116     119     113      74
      78      83      49      50      35      48      42      42      44      36
      32      32      38      51      26      32      36      58      44      47
      38      40      44      53      51      49      64      57      50      57
      70      64      72      58      64      73      72      64      77      71
      64      69      61      61      74      74      73      74      65      79
      70      69      67      76      71      69      48      56      53      66
      57      71      53      72      56      62      65      67      50      65
      69      62      58      46      45      57      62      57      70      56
      59      48      54      56      49      58      58      48      50      56
      58      55      46      58      55      62      54      57      62      48
      49      58      46      43      45      66      54      69      48      73
      55      56      56      59      53      60      51      71      54      67
      53      61      69      55      70      71      63      61      72      72
      75      67      73      71      51      67      58      67      83      71
      60      54      61      59      69      71      58      54      67      65
      73      64      62      73      57      75      73      81      77      63
      71      67      73      83      90      88      72      67      77      63
      88      84      78      69      72      86      84      77      71      88
      81      86      88      87      84      86      77      96      85      84
      96      80      88      79      87      99      85     103     106      85
      73     105      83      83      88      92     106     106     103      87
      91      90     101      91     107     104     115      99     118      99
     117     103     108     126     118     114     121     133     135     159
     154     137     147     138     192     160     152     175     167     181
     175     192     178     171     190     190     167     175     175     141
     156     145     147     142     142     151     104     105     139     135
     126     125     131     124     126     130     127     132     109     134
     119     109     121     114     117     121     108     125     117     124
     129     109     128     140     118     131     121     141     117     125
     137     123     143     137     138     138     129     121     151     111
     129     119     142     131     129     132     131     145     153     159
     158     192     211     289     326     386     444     523     630     734
     856     981    1144    1295    1365    1430    1657    1755    1780    1832
    1716    1773    1695    1673    1437    1421    1219    1110     970     890
     732     653     554     461     377     315     201     214     194     186
     183     147     167     133     142     152     132     137     121     112
     110     132     133     135     124     117     134     109     134     115
     121     121     116     118     123     124     139     143     156     121
     132     137     161     144     170     162     152     185     212     203
     185     235     220     225     237     269     229     294     248     307
     265     293     275     303     294     304     305     329     297     342
     305     354     332     392     402     440     473     547     627     659
     701     830     824     925     894     964    1080    1063    1063    1117
    1059    1081     995     934     881     844     819     707     673     591
     569     577     473     469     412     411     405     410     373     320
     352     349     361     369     377     389     397     402     365     373
     398     434     407     433     412     414     375     385     365     358
     342     291     280     259     274     251     197     211     192     147
     160     137     155     148     149     152     129     116     134     126
     138     124     135     125     144     149     121     121     118     116
     132     136     123     137     146     165     118     146     148     138
     139     149     156     170     145     167     186     188     195     178
     197     196     184     200     189     203     175     169     165     200
     173     173     174     164     154     159     134     148     160     164
     159     163     141     159     138     178     151     149     180     182
     161     179     194     180     198     214     211     228     245     222
     257     256     256     241     252     280     257     307     263     253
     232     232     239     215     201     190     170     193     172     163
     129     171     158     131     132     133     123     166     133     123
     175     158     149     170     159     145     186     156     188     198
     167     171     170     158     151     165     149     152     149     135
     148     138     137     136     124     115     102     101     128     133
     102     123     116     117     118     111     115     112     112     113
     121     117     127     130     111     135      88     112     109     142
      99     117     140     126     113     121     109     115     125     115
     111     120      87     119     108     114     109     125     113     125
      99     115     132     126     113     137     110     107     127     116
     121     105     113     126     114     133     124     113     111     117
     109     115     125     139     135     134     126     123     133     126
     151     135     163     175     180     218     203     226     255     268
     277     309     354     323     369     355     372     399     383     407
     399     412     366     363     359     351     328     277     272     269
     262     206     216     209     183     158     159     159     140     137
     125     116     111     120     103     107      97      99     112     104
     119      86      90     115     101      90     106      96      97     123
     104     124     123     104     112     100     106     104     102     102
     109      86     121     111      93      86     100     114     104     105
     107      98      84     115     109     110      97     108      93      94
     113     124      82      84      88     106      97     113      98      97
      96     104     102      83     103     108     105     119      96      86
     113     101      92      90     104     108     107      97     116     102
     106     114     113      99     113      92     104     102     106     111
     113      91     110     129     127     124     103     110     137     108
     138     142     133     134     159     139     147     135     121     114
     141     141     152     108     126     124     139     114     101     109
     102     112     102     124     111      91     100     105     102     102
     105      88      90     111     111     107      96     102      78     103
      94      94      89     116      91      94      90     116     103      82
      96      88      96      91      96     115      94     102      70      97
      92      87     101      87      97     110      97      98     108     100
     117      81     114     103     114     103     103     107     116      81
     106      99      76      92     101      94      94     120      99      99
     106      67      77     107      96      94      85      80      85      74
      92      87     101      90      90     104      87     120      97     107
      96      85      91      97      85      99      89     100      87     102
      99     113      86      96      85      92      78      92      94     100
     102      91      98      87     113      85      90      97      80     110
     109      96      90     100      88      73      91      92     101     103
     100      88      90     100      96     113     107      97      94      91
     110     114      85      97     111     110     102      93     114      80
      96     106      99     101     116     102     101      92     101     108
     100     112     105     117     121     102     123     109     118     102
     131      78     127     106     109     132     135     108     124     135
     139     137     133     118     134     127     124     148     139     141
     159     160     190     200     185     215     273     272     334     426
     472     596     702     883    1081    1262    1476    1845    2274    2653
    2996    3505    4553    5087    5557    6450    7396    8099    8954    9724
   10998   11899   12373   13232   14552   14839   15051   16076   16506   16477
   16215   16391   16612   16200   15580   15091   14812   13996   12977   12089
   11731   10452    9408    8331    8175    6853    6046    5188    4559    3854
    3264    2841    2410    1951    1603    1317    1055     876     695     574
     479     385     330     281     224     208     175     169     157     132
     120     116     127      90     102      94      97     114     104     100
      99      93     109      98      90     106      96      80     117     101
      96      91      93     103      92     103      88      91      87      93
      89      84      98      82      90      86      85      92     104     106
      91      82      99     109      62      98      83     111     110      93
     104     109      80      83      90      90      90      98     103     101
      72      70      89      74     103      89      76     113      91      94
      92      98      81      84     105      97     111      77     101      91
     105      98     103     100     100     114     105     117      93     100
     104     109     107     101     114     107      87     117     104     106
     117     105     121     113     133     127     125     154     167     153
     184     216     211     188     301     335     320     381     513     526
     620     757     834     928     999    1118    1316    1499    1551    1734
    1867    1926    2143    2289    2446    2485    2476    2638    2720    2668
    2675    2736    2672    2717    2593    2470    2411    2245    2144    2116
    2062    1871    1694    1589    1465    1398    1228    1132    1107    1008
     873     806     846     771     688     637     645     556     527     531
     515     491     457     460     453     438     380     384     329     279
     295     268     238     256     208     191     173     158     149     128
     124     110      98     104      83      81      86      63      67      86
      50      74      80      72      53      71      60      50      62      72
      67      50      75      70      55      57      66      61      73      70
      57      59      58      71      56      48      64      53      58      64
      61      66      54      77      76      63      67      65      59      65
      62      62      63      72      64      64      62      74      60      53
      78      58      81      82      72      57      75      59      63      67
      62      59      80      65      58      60      66      61      63      73
      71      75      82      57      67      78      64      61      87      64
      93      71      61      69      67      70      83      57      67      92
      84      94      80      66      76      69      71      75      76      99
      81      80      77      93      63      81     102      85      77      69
      92      85      67      71      93      83      92      78      89      91
      85      97      86      91      99     108      94      88      94      96
     132     124     108     109     121     105     120     112     130     125
     166     137     144     135     145     137     165     182     156     158
     197     218     194     176     250     235     202     201     251     241
     250     279     263     283     300     275     354     343     297     310
     374     360     366     387     379     351     396     414     422     444
     408     387     465     410     409     428     427     432     426     435
     458     429     403     433     447     415     403     423     431     401
     387     385     373     372     325     346     320     304     298     270
     288     267     299     278     279     243     236     236     234     218
     173     184     196     188     199     173     156     155     155     149
     152     135     127     127     118     114     124     102     103     113
     117      99     100      97      88      84      88      90      92     114
     101      99     107      81     133     129     106     107     110     124
     115     132     146     139     159     159     176     166     186     185
     178     189     210     245     227     206     215     205     200     205
     223     184     216     213     191     168     189     174     137     148
     158     201     145     154     117     118     106     106     117     113
      82      64      88      96      74      79      79      59      63      56
      57      76      57      61      55      62      62   32469
